Temperature (K)	Pressure (MPa)	Quality (l+v)	Internal Energy (l+v, kJ/mol)	Enthalpy (l+v, kJ/mol)	Entropy (l+v, J/mol*K)	Density (l, kg/m3)	Volume (l, m3/kg)	Internal Energy (l, kJ/mol)	Enthalpy (l, kJ/mol)	Entropy (l, J/mol*K)	Cv (l, J/mol*K)	Cp (l, J/mol*K)	Sound Spd. (l, m/s)	Joule-Thomson (l, K/MPa)	Viscosity (l, uPa*s)	Therm. Cond. (l, W/m*K)	Density (v, kg/m3)	Volume (v, m3/kg)	Internal Energy (v, kJ/mol)	Enthalpy (v, kJ/mol)	Entropy (v, J/mol*K)	Cv (v, J/mol*K)	Cp (v, J/mol*K)	Sound Spd. (v, m/s)	Joule-Thomson (v, K/MPa)	Viscosity (v, uPa*s)	Therm. Cond. (v, W/m*K)
275.15	279.53	undefined	5.1773	15.207	27.055	447.10	0.0022366	5.1773	15.207	27.055	34.468	46.458	2035.7	-0.57260	87.397	0.25663	447.10	0.0022366	5.1773	15.207	27.055	34.468	46.458	2035.7	-0.57260	87.397	0.25663
276.90	281.78	undefined	5.2376	15.349	27.273	447.10	0.0022366	5.2376	15.349	27.273	34.508	46.469	2038.8	-0.57248	87.083	0.25695	447.10	0.0022366	5.2376	15.349	27.273	34.508	46.469	2038.8	-0.57248	87.083	0.25695
278.65	284.03	undefined	5.2980	15.490	27.491	447.10	0.0022366	5.2980	15.490	27.491	34.549	46.481	2041.9	-0.57235	86.773	0.25727	447.10	0.0022366	5.2980	15.490	27.491	34.549	46.481	2041.9	-0.57235	86.773	0.25727
280.40	286.28	undefined	5.3585	15.631	27.707	447.10	0.0022366	5.3585	15.631	27.707	34.592	46.494	2044.9	-0.57220	86.469	0.25759	447.10	0.0022366	5.3585	15.631	27.707	34.592	46.494	2044.9	-0.57220	86.469	0.25759
282.15	288.52	undefined	5.4190	15.772	27.922	447.10	0.0022366	5.4190	15.772	27.922	34.635	46.508	2048.0	-0.57203	86.169	0.25791	447.10	0.0022366	5.4190	15.772	27.922	34.635	46.508	2048.0	-0.57203	86.169	0.25791
283.90	290.76	undefined	5.4797	15.913	28.137	447.10	0.0022366	5.4797	15.913	28.137	34.679	46.524	2051.0	-0.57185	85.874	0.25823	447.10	0.0022366	5.4797	15.913	28.137	34.679	46.524	2051.0	-0.57185	85.874	0.25823
285.65	292.99	undefined	5.5404	16.053	28.350	447.10	0.0022366	5.5404	16.053	28.350	34.725	46.541	2054.0	-0.57165	85.584	0.25855	447.10	0.0022366	5.5404	16.053	28.350	34.725	46.541	2054.0	-0.57165	85.584	0.25855
287.39	295.22	undefined	5.6012	16.194	28.562	447.10	0.0022366	5.6012	16.194	28.562	34.771	46.559	2057.0	-0.57144	85.298	0.25887	447.10	0.0022366	5.6012	16.194	28.562	34.771	46.559	2057.0	-0.57144	85.298	0.25887
289.14	297.44	undefined	5.6620	16.335	28.773	447.10	0.0022366	5.6620	16.335	28.773	34.818	46.579	2059.9	-0.57121	85.016	0.25919	447.10	0.0022366	5.6620	16.335	28.773	34.818	46.579	2059.9	-0.57121	85.016	0.25919
290.89	299.65	undefined	5.7230	16.475	28.983	447.10	0.0022366	5.7230	16.475	28.983	34.866	46.599	2062.8	-0.57096	84.738	0.25951	447.10	0.0022366	5.7230	16.475	28.983	34.866	46.599	2062.8	-0.57096	84.738	0.25951
292.64	301.86	undefined	5.7840	16.615	29.192	447.10	0.0022366	5.7840	16.615	29.192	34.915	46.621	2065.7	-0.57070	84.465	0.25983	447.10	0.0022366	5.7840	16.615	29.192	34.915	46.621	2065.7	-0.57070	84.465	0.25983
294.39	304.07	undefined	5.8451	16.756	29.401	447.10	0.0022366	5.8451	16.756	29.401	34.965	46.645	2068.6	-0.57042	84.196	0.26015	447.10	0.0022366	5.8451	16.756	29.401	34.965	46.645	2068.6	-0.57042	84.196	0.26015
296.14	306.27	undefined	5.9063	16.896	29.608	447.10	0.0022366	5.9063	16.896	29.608	35.016	46.669	2071.5	-0.57013	83.931	0.26047	447.10	0.0022366	5.9063	16.896	29.608	35.016	46.669	2071.5	-0.57013	83.931	0.26047
297.89	308.46	undefined	5.9676	17.036	29.814	447.10	0.0022366	5.9676	17.036	29.814	35.068	46.694	2074.4	-0.56982	83.670	0.26079	447.10	0.0022366	5.9676	17.036	29.814	35.068	46.694	2074.4	-0.56982	83.670	0.26079
299.64	310.65	undefined	6.0290	17.176	30.020	447.10	0.0022366	6.0290	17.176	30.020	35.120	46.721	2077.2	-0.56950	83.413	0.26111	447.10	0.0022366	6.0290	17.176	30.020	35.120	46.721	2077.2	-0.56950	83.413	0.26111
301.39	312.84	undefined	6.0905	17.316	30.224	447.10	0.0022366	6.0905	17.316	30.224	35.174	46.749	2080.0	-0.56916	83.160	0.26143	447.10	0.0022366	6.0905	17.316	30.224	35.174	46.749	2080.0	-0.56916	83.160	0.26143
303.14	315.02	undefined	6.1521	17.456	30.428	447.10	0.0022366	6.1521	17.456	30.428	35.228	46.778	2082.8	-0.56881	82.910	0.26175	447.10	0.0022366	6.1521	17.456	30.428	35.228	46.778	2082.8	-0.56881	82.910	0.26175
304.89	317.20	undefined	6.2137	17.595	30.631	447.10	0.0022366	6.2137	17.595	30.631	35.284	46.808	2085.5	-0.56844	82.664	0.26207	447.10	0.0022366	6.2137	17.595	30.631	35.284	46.808	2085.5	-0.56844	82.664	0.26207
306.64	319.37	undefined	6.2755	17.735	30.833	447.10	0.0022366	6.2755	17.735	30.833	35.340	46.839	2088.3	-0.56807	82.422	0.26239	447.10	0.0022366	6.2755	17.735	30.833	35.340	46.839	2088.3	-0.56807	82.422	0.26239
308.39	321.53	undefined	6.3374	17.875	31.034	447.10	0.0022366	6.3374	17.875	31.034	35.397	46.872	2091.0	-0.56767	82.183	0.26271	447.10	0.0022366	6.3374	17.875	31.034	35.397	46.872	2091.0	-0.56767	82.183	0.26271
310.14	323.70	undefined	6.3993	18.014	31.234	447.10	0.0022366	6.3993	18.014	31.234	35.455	46.905	2093.7	-0.56727	81.948	0.26303	447.10	0.0022366	6.3993	18.014	31.234	35.455	46.905	2093.7	-0.56727	81.948	0.26303
311.88	325.85	undefined	6.4614	18.154	31.434	447.10	0.0022366	6.4614	18.154	31.434	35.513	46.940	2096.4	-0.56685	81.716	0.26335	447.10	0.0022366	6.4614	18.154	31.434	35.513	46.940	2096.4	-0.56685	81.716	0.26335
313.63	328.01	undefined	6.5236	18.293	31.633	447.10	0.0022366	6.5236	18.293	31.633	35.573	46.975	2099.1	-0.56642	81.488	0.26367	447.10	0.0022366	6.5236	18.293	31.633	35.573	46.975	2099.1	-0.56642	81.488	0.26367
315.38	330.15	undefined	6.5859	18.432	31.831	447.10	0.0022366	6.5859	18.432	31.831	35.633	47.012	2101.8	-0.56598	81.263	0.26400	447.10	0.0022366	6.5859	18.432	31.831	35.633	47.012	2101.8	-0.56598	81.263	0.26400
317.13	332.30	undefined	6.6482	18.572	32.028	447.10	0.0022366	6.6482	18.572	32.028	35.694	47.049	2104.4	-0.56552	81.041	0.26432	447.10	0.0022366	6.6482	18.572	32.028	35.694	47.049	2104.4	-0.56552	81.041	0.26432
318.88	334.44	undefined	6.7107	18.711	32.225	447.10	0.0022366	6.7107	18.711	32.225	35.756	47.088	2107.1	-0.56505	80.822	0.26464	447.10	0.0022366	6.7107	18.711	32.225	35.756	47.088	2107.1	-0.56505	80.822	0.26464
320.63	336.57	undefined	6.7733	18.850	32.420	447.10	0.0022366	6.7733	18.850	32.420	35.819	47.128	2109.7	-0.56457	80.607	0.26496	447.10	0.0022366	6.7733	18.850	32.420	35.819	47.128	2109.7	-0.56457	80.607	0.26496
322.38	338.70	undefined	6.8360	18.989	32.615	447.10	0.0022366	6.8360	18.989	32.615	35.882	47.168	2112.3	-0.56408	80.395	0.26528	447.10	0.0022366	6.8360	18.989	32.615	35.882	47.168	2112.3	-0.56408	80.395	0.26528
324.13	340.83	undefined	6.8989	19.128	32.810	447.10	0.0022366	6.8989	19.128	32.810	35.946	47.210	2114.8	-0.56358	80.185	0.26561	447.10	0.0022366	6.8989	19.128	32.810	35.946	47.210	2114.8	-0.56358	80.185	0.26561
325.88	342.95	undefined	6.9618	19.268	33.003	447.10	0.0022366	6.9618	19.268	33.003	36.011	47.252	2117.4	-0.56306	79.979	0.26593	447.10	0.0022366	6.9618	19.268	33.003	36.011	47.252	2117.4	-0.56306	79.979	0.26593
327.63	345.07	undefined	7.0249	19.407	33.196	447.10	0.0022366	7.0249	19.407	33.196	36.077	47.296	2119.9	-0.56254	79.775	0.26625	447.10	0.0022366	7.0249	19.407	33.196	36.077	47.296	2119.9	-0.56254	79.775	0.26625
329.38	347.18	undefined	7.0880	19.546	33.389	447.10	0.0022366	7.0880	19.546	33.389	36.143	47.340	2122.5	-0.56200	79.575	0.26658	447.10	0.0022366	7.0880	19.546	33.389	36.143	47.340	2122.5	-0.56200	79.575	0.26658
331.13	349.29	undefined	7.1513	19.685	33.580	447.10	0.0022366	7.1513	19.685	33.580	36.211	47.386	2125.0	-0.56146	79.377	0.26690	447.10	0.0022366	7.1513	19.685	33.580	36.211	47.386	2125.0	-0.56146	79.377	0.26690
332.88	351.40	undefined	7.2147	19.823	33.771	447.10	0.0022366	7.2147	19.823	33.771	36.278	47.432	2127.5	-0.56090	79.182	0.26723	447.10	0.0022366	7.2147	19.823	33.771	36.278	47.432	2127.5	-0.56090	79.182	0.26723
334.62	353.50	undefined	7.2782	19.962	33.962	447.10	0.0022366	7.2782	19.962	33.962	36.347	47.479	2130.0	-0.56033	78.990	0.26755	447.10	0.0022366	7.2782	19.962	33.962	36.347	47.479	2130.0	-0.56033	78.990	0.26755
336.37	355.59	undefined	7.3419	20.101	34.151	447.10	0.0022366	7.3419	20.101	34.151	36.416	47.527	2132.5	-0.55976	78.800	0.26788	447.10	0.0022366	7.3419	20.101	34.151	36.416	47.527	2132.5	-0.55976	78.800	0.26788
338.12	357.69	undefined	7.4056	20.240	34.340	447.10	0.0022366	7.4056	20.240	34.340	36.486	47.576	2134.9	-0.55917	78.613	0.26820	447.10	0.0022366	7.4056	20.240	34.340	36.486	47.576	2134.9	-0.55917	78.613	0.26820
339.87	359.78	undefined	7.4695	20.379	34.529	447.10	0.0022366	7.4695	20.379	34.529	36.557	47.626	2137.3	-0.55858	78.429	0.26853	447.10	0.0022366	7.4695	20.379	34.529	36.557	47.626	2137.3	-0.55858	78.429	0.26853
341.62	361.86	undefined	7.5335	20.518	34.717	447.10	0.0022366	7.5335	20.518	34.717	36.628	47.676	2139.8	-0.55797	78.247	0.26886	447.10	0.0022366	7.5335	20.518	34.717	36.628	47.676	2139.8	-0.55797	78.247	0.26886
343.37	363.94	undefined	7.5977	20.657	34.904	447.10	0.0022366	7.5977	20.657	34.904	36.700	47.728	2142.2	-0.55736	78.068	0.26918	447.10	0.0022366	7.5977	20.657	34.904	36.700	47.728	2142.2	-0.55736	78.068	0.26918
345.12	366.02	undefined	7.6619	20.795	35.090	447.10	0.0022366	7.6619	20.795	35.090	36.772	47.780	2144.6	-0.55674	77.891	0.26951	447.10	0.0022366	7.6619	20.795	35.090	36.772	47.780	2144.6	-0.55674	77.891	0.26951
346.87	368.09	undefined	7.7263	20.934	35.277	447.10	0.0022366	7.7263	20.934	35.277	36.845	47.833	2147.0	-0.55611	77.717	0.26984	447.10	0.0022366	7.7263	20.934	35.277	36.845	47.833	2147.0	-0.55611	77.717	0.26984
348.62	370.16	undefined	7.7908	21.073	35.462	447.10	0.0022366	7.7908	21.073	35.462	36.919	47.887	2149.4	-0.55547	77.545	0.27017	447.10	0.0022366	7.7908	21.073	35.462	36.919	47.887	2149.4	-0.55547	77.545	0.27017
350.37	372.22	undefined	7.8555	21.212	35.647	447.10	0.0022366	7.8555	21.212	35.647	36.994	47.942	2151.7	-0.55483	77.376	0.27050	447.10	0.0022366	7.8555	21.212	35.647	36.994	47.942	2151.7	-0.55483	77.376	0.27050
352.12	374.29	undefined	7.9202	21.350	35.832	447.10	0.0022366	7.9202	21.350	35.832	37.069	47.997	2154.1	-0.55417	77.208	0.27083	447.10	0.0022366	7.9202	21.350	35.832	37.069	47.997	2154.1	-0.55417	77.208	0.27083
353.87	376.34	undefined	7.9851	21.489	36.015	447.10	0.0022366	7.9851	21.489	36.015	37.144	48.053	2156.4	-0.55351	77.043	0.27116	447.10	0.0022366	7.9851	21.489	36.015	37.144	48.053	2156.4	-0.55351	77.043	0.27116
355.62	378.40	undefined	8.0502	21.628	36.199	447.10	0.0022366	8.0502	21.628	36.199	37.220	48.110	2158.7	-0.55284	76.881	0.27149	447.10	0.0022366	8.0502	21.628	36.199	37.220	48.110	2158.7	-0.55284	76.881	0.27149
357.36	380.45	undefined	8.1154	21.766	36.382	447.10	0.0022366	8.1154	21.766	36.382	37.297	48.168	2161.0	-0.55217	76.720	0.27182	447.10	0.0022366	8.1154	21.766	36.382	37.297	48.168	2161.0	-0.55217	76.720	0.27182
359.11	382.49	undefined	8.1807	21.905	36.564	447.10	0.0022366	8.1807	21.905	36.564	37.374	48.226	2163.3	-0.55148	76.562	0.27215	447.10	0.0022366	8.1807	21.905	36.564	37.374	48.226	2163.3	-0.55148	76.562	0.27215
360.86	384.53	undefined	8.2461	22.044	36.746	447.10	0.0022366	8.2461	22.044	36.746	37.452	48.285	2165.6	-0.55080	76.405	0.27248	447.10	0.0022366	8.2461	22.044	36.746	37.452	48.285	2165.6	-0.55080	76.405	0.27248
362.61	386.57	undefined	8.3117	22.183	36.927	447.10	0.0022366	8.3117	22.183	36.927	37.530	48.345	2167.9	-0.55010	76.251	0.27281	447.10	0.0022366	8.3117	22.183	36.927	37.530	48.345	2167.9	-0.55010	76.251	0.27281
364.36	388.61	undefined	8.3774	22.321	37.108	447.10	0.0022366	8.3774	22.321	37.108	37.609	48.405	2170.2	-0.54940	76.099	0.27314	447.10	0.0022366	8.3774	22.321	37.108	37.609	48.405	2170.2	-0.54940	76.099	0.27314
366.11	390.64	undefined	8.4433	22.460	37.288	447.10	0.0022366	8.4433	22.460	37.288	37.688	48.466	2172.4	-0.54869	75.949	0.27348	447.10	0.0022366	8.4433	22.460	37.288	37.688	48.466	2172.4	-0.54869	75.949	0.27348
367.86	392.67	undefined	8.5093	22.599	37.468	447.10	0.0022366	8.5093	22.599	37.468	37.768	48.528	2174.7	-0.54797	75.801	0.27381	447.10	0.0022366	8.5093	22.599	37.468	37.768	48.528	2174.7	-0.54797	75.801	0.27381
369.61	394.69	undefined	8.5754	22.738	37.647	447.10	0.0022366	8.5754	22.738	37.647	37.849	48.590	2176.9	-0.54726	75.655	0.27414	447.10	0.0022366	8.5754	22.738	37.647	37.849	48.590	2176.9	-0.54726	75.655	0.27414
371.36	396.71	undefined	8.6417	22.876	37.826	447.10	0.0022366	8.6417	22.876	37.826	37.929	48.653	2179.1	-0.54653	75.511	0.27448	447.10	0.0022366	8.6417	22.876	37.826	37.929	48.653	2179.1	-0.54653	75.511	0.27448
373.11	398.73	undefined	8.7081	23.015	38.005	447.10	0.0022366	8.7081	23.015	38.005	38.011	48.717	2181.3	-0.54580	75.369	0.27481	447.10	0.0022366	8.7081	23.015	38.005	38.011	48.717	2181.3	-0.54580	75.369	0.27481
374.86	400.74	undefined	8.7747	23.154	38.183	447.10	0.0022366	8.7747	23.154	38.183	38.093	48.781	2183.5	-0.54506	75.228	0.27515	447.10	0.0022366	8.7747	23.154	38.183	38.093	48.781	2183.5	-0.54506	75.228	0.27515
376.61	402.75	undefined	8.8414	23.293	38.360	447.10	0.0022366	8.8414	23.293	38.360	38.175	48.846	2185.7	-0.54432	75.090	0.27549	447.10	0.0022366	8.8414	23.293	38.360	38.175	48.846	2185.7	-0.54432	75.090	0.27549
378.36	404.76	undefined	8.9082	23.432	38.537	447.10	0.0022366	8.9082	23.432	38.537	38.257	48.911	2187.9	-0.54358	74.953	0.27582	447.10	0.0022366	8.9082	23.432	38.537	38.257	48.911	2187.9	-0.54358	74.953	0.27582
380.11	406.76	undefined	8.9752	23.571	38.714	447.10	0.0022366	8.9752	23.571	38.714	38.341	48.977	2190.1	-0.54283	74.818	0.27616	447.10	0.0022366	8.9752	23.571	38.714	38.341	48.977	2190.1	-0.54283	74.818	0.27616
381.85	408.76	undefined	9.0424	23.710	38.890	447.10	0.0022366	9.0424	23.710	38.890	38.424	49.043	2192.2	-0.54207	74.685	0.27650	447.10	0.0022366	9.0424	23.710	38.890	38.424	49.043	2192.2	-0.54207	74.685	0.27650
383.60	410.76	undefined	9.1096	23.848	39.066	447.10	0.0022366	9.1096	23.848	39.066	38.508	49.110	2194.4	-0.54131	74.554	0.27683	447.10	0.0022366	9.1096	23.848	39.066	38.508	49.110	2194.4	-0.54131	74.554	0.27683
385.35	412.75	undefined	9.1771	23.987	39.241	447.10	0.0022366	9.1771	23.987	39.241	38.592	49.178	2196.5	-0.54055	74.424	0.27717	447.10	0.0022366	9.1771	23.987	39.241	38.592	49.178	2196.5	-0.54055	74.424	0.27717
387.10	414.74	undefined	9.2447	24.126	39.416	447.10	0.0022366	9.2447	24.126	39.416	38.677	49.246	2198.6	-0.53978	74.296	0.27751	447.10	0.0022366	9.2447	24.126	39.416	38.677	49.246	2198.6	-0.53978	74.296	0.27751
388.85	416.73	undefined	9.3124	24.265	39.591	447.10	0.0022366	9.3124	24.265	39.591	38.762	49.315	2200.8	-0.53901	74.170	0.27785	447.10	0.0022366	9.3124	24.265	39.591	38.762	49.315	2200.8	-0.53901	74.170	0.27785
390.60	418.71	undefined	9.3803	24.404	39.765	447.10	0.0022366	9.3803	24.404	39.765	38.848	49.384	2202.9	-0.53823	74.045	0.27819	447.10	0.0022366	9.3803	24.404	39.765	38.848	49.384	2202.9	-0.53823	74.045	0.27819
392.35	420.69	undefined	9.4483	24.543	39.939	447.10	0.0022366	9.4483	24.543	39.939	38.934	49.454	2205.0	-0.53746	73.922	0.27853	447.10	0.0022366	9.4483	24.543	39.939	38.934	49.454	2205.0	-0.53746	73.922	0.27853
394.10	422.67	undefined	9.5165	24.683	40.112	447.10	0.0022366	9.5165	24.683	40.112	39.020	49.524	2207.1	-0.53667	73.801	0.27887	447.10	0.0022366	9.5165	24.683	40.112	39.020	49.524	2207.1	-0.53667	73.801	0.27887
395.85	424.64	undefined	9.5848	24.822	40.285	447.10	0.0022366	9.5848	24.822	40.285	39.107	49.594	2209.2	-0.53589	73.681	0.27922	447.10	0.0022366	9.5848	24.822	40.285	39.107	49.594	2209.2	-0.53589	73.681	0.27922
397.60	426.61	undefined	9.6533	24.961	40.458	447.10	0.0022366	9.6533	24.961	40.458	39.194	49.666	2211.2	-0.53510	73.563	0.27956	447.10	0.0022366	9.6533	24.961	40.458	39.194	49.666	2211.2	-0.53510	73.563	0.27956
399.35	428.58	undefined	9.7219	25.100	40.630	447.10	0.0022366	9.7219	25.100	40.630	39.281	49.737	2213.3	-0.53431	73.446	0.27990	447.10	0.0022366	9.7219	25.100	40.630	39.281	49.737	2213.3	-0.53431	73.446	0.27990
401.10	430.54	undefined	9.7907	25.239	40.802	447.10	0.0022366	9.7907	25.239	40.802	39.369	49.809	2215.4	-0.53352	73.331	0.28024	447.10	0.0022366	9.7907	25.239	40.802	39.369	49.809	2215.4	-0.53352	73.331	0.28024
402.85	432.50	undefined	9.8597	25.379	40.973	447.10	0.0022366	9.8597	25.379	40.973	39.457	49.882	2217.4	-0.53272	73.217	0.28059	447.10	0.0022366	9.8597	25.379	40.973	39.457	49.882	2217.4	-0.53272	73.217	0.28059
404.59	434.46	undefined	9.9288	25.518	41.145	447.10	0.0022366	9.9288	25.518	41.145	39.545	49.955	2219.5	-0.53192	73.104	0.28093	447.10	0.0022366	9.9288	25.518	41.145	39.545	49.955	2219.5	-0.53192	73.104	0.28093
406.34	436.41	undefined	9.9980	25.657	41.315	447.10	0.0022366	9.9980	25.657	41.315	39.634	50.028	2221.5	-0.53112	72.993	0.28128	447.10	0.0022366	9.9980	25.657	41.315	39.634	50.028	2221.5	-0.53112	72.993	0.28128
408.09	438.36	undefined	10.067	25.797	41.486	447.10	0.0022366	10.067	25.797	41.486	39.723	50.102	2223.5	-0.53032	72.884	0.28162	447.10	0.0022366	10.067	25.797	41.486	39.723	50.102	2223.5	-0.53032	72.884	0.28162
409.84	440.31	undefined	10.137	25.936	41.656	447.10	0.0022366	10.137	25.936	41.656	39.812	50.176	2225.6	-0.52951	72.776	0.28197	447.10	0.0022366	10.137	25.936	41.656	39.812	50.176	2225.6	-0.52951	72.776	0.28197
411.59	442.26	undefined	10.207	26.076	41.826	447.10	0.0022366	10.207	26.076	41.826	39.901	50.250	2227.6	-0.52870	72.669	0.28231	447.10	0.0022366	10.207	26.076	41.826	39.901	50.250	2227.6	-0.52870	72.669	0.28231
413.34	444.20	undefined	10.277	26.215	41.995	447.10	0.0022366	10.277	26.215	41.995	39.991	50.325	2229.6	-0.52789	72.564	0.28266	447.10	0.0022366	10.277	26.215	41.995	39.991	50.325	2229.6	-0.52789	72.564	0.28266
415.09	446.14	undefined	10.347	26.355	42.164	447.10	0.0022366	10.347	26.355	42.164	40.081	50.401	2231.6	-0.52708	72.460	0.28301	447.10	0.0022366	10.347	26.355	42.164	40.081	50.401	2231.6	-0.52708	72.460	0.28301
416.84	448.07	undefined	10.417	26.495	42.333	447.10	0.0022366	10.417	26.495	42.333	40.172	50.476	2233.6	-0.52627	72.357	0.28336	447.10	0.0022366	10.417	26.495	42.333	40.172	50.476	2233.6	-0.52627	72.357	0.28336
418.59	450.01	undefined	10.487	26.634	42.501	447.10	0.0022366	10.487	26.634	42.501	40.262	50.552	2235.6	-0.52545	72.255	0.28370	447.10	0.0022366	10.487	26.634	42.501	40.262	50.552	2235.6	-0.52545	72.255	0.28370
420.34	451.94	undefined	10.558	26.774	42.669	447.10	0.0022366	10.558	26.774	42.669	40.353	50.629	2237.5	-0.52464	72.155	0.28405	447.10	0.0022366	10.558	26.774	42.669	40.353	50.629	2237.5	-0.52464	72.155	0.28405
422.09	453.86	undefined	10.628	26.914	42.837	447.10	0.0022366	10.628	26.914	42.837	40.444	50.705	2239.5	-0.52382	72.056	0.28440	447.10	0.0022366	10.628	26.914	42.837	40.444	50.705	2239.5	-0.52382	72.056	0.28440
423.84	455.79	undefined	10.699	27.054	43.005	447.10	0.0022366	10.699	27.054	43.005	40.535	50.782	2241.5	-0.52300	71.959	0.28475	447.10	0.0022366	10.699	27.054	43.005	40.535	50.782	2241.5	-0.52300	71.959	0.28475
425.59	457.71	undefined	10.770	27.194	43.172	447.10	0.0022366	10.770	27.194	43.172	40.627	50.860	2243.4	-0.52218	71.862	0.28510	447.10	0.0022366	10.770	27.194	43.172	40.627	50.860	2243.4	-0.52218	71.862	0.28510
427.33	459.63	undefined	10.841	27.334	43.339	447.10	0.0022366	10.841	27.334	43.339	40.719	50.938	2245.4	-0.52136	71.767	0.28545	447.10	0.0022366	10.841	27.334	43.339	40.719	50.938	2245.4	-0.52136	71.767	0.28545
429.08	461.54	undefined	10.913	27.474	43.505	447.10	0.0022366	10.913	27.474	43.505	40.811	51.016	2247.3	-0.52054	71.673	0.28580	447.10	0.0022366	10.913	27.474	43.505	40.811	51.016	2247.3	-0.52054	71.673	0.28580
430.83	463.46	undefined	10.984	27.614	43.671	447.10	0.0022366	10.984	27.614	43.671	40.903	51.094	2249.3	-0.51971	71.580	0.28616	447.10	0.0022366	10.984	27.614	43.671	40.903	51.094	2249.3	-0.51971	71.580	0.28616
432.58	465.37	undefined	11.056	27.754	43.837	447.10	0.0022366	11.056	27.754	43.837	40.996	51.173	2251.2	-0.51889	71.489	0.28651	447.10	0.0022366	11.056	27.754	43.837	40.996	51.173	2251.2	-0.51889	71.489	0.28651
434.33	467.27	undefined	11.127	27.894	44.003	447.10	0.0022366	11.127	27.894	44.003	41.088	51.252	2253.1	-0.51807	71.398	0.28686	447.10	0.0022366	11.127	27.894	44.003	41.088	51.252	2253.1	-0.51807	71.398	0.28686
436.08	469.18	undefined	11.199	28.034	44.168	447.10	0.0022366	11.199	28.034	44.168	41.181	51.331	2255.0	-0.51724	71.309	0.28721	447.10	0.0022366	11.199	28.034	44.168	41.181	51.331	2255.0	-0.51724	71.309	0.28721
437.83	471.08	undefined	11.272	28.175	44.333	447.10	0.0022366	11.272	28.175	44.333	41.274	51.411	2256.9	-0.51642	71.220	0.28757	447.10	0.0022366	11.272	28.175	44.333	41.274	51.411	2256.9	-0.51642	71.220	0.28757
439.58	472.98	undefined	11.344	28.315	44.498	447.10	0.0022366	11.344	28.315	44.498	41.367	51.490	2258.9	-0.51559	71.133	0.28792	447.10	0.0022366	11.344	28.315	44.498	41.367	51.490	2258.9	-0.51559	71.133	0.28792
441.33	474.87	undefined	11.416	28.456	44.663	447.10	0.0022366	11.416	28.456	44.663	41.461	51.570	2260.8	-0.51477	71.047	0.28828	447.10	0.0022366	11.416	28.456	44.663	41.461	51.570	2260.8	-0.51477	71.047	0.28828
443.08	476.77	undefined	11.489	28.596	44.827	447.10	0.0022366	11.489	28.596	44.827	41.554	51.651	2262.6	-0.51394	70.962	0.28863	447.10	0.0022366	11.489	28.596	44.827	41.554	51.651	2262.6	-0.51394	70.962	0.28863
444.83	478.66	undefined	11.562	28.737	44.991	447.10	0.0022366	11.562	28.737	44.991	41.648	51.731	2264.5	-0.51312	70.878	0.28899	447.10	0.0022366	11.562	28.737	44.991	41.648	51.731	2264.5	-0.51312	70.878	0.28899
446.58	480.54	undefined	11.635	28.877	45.154	447.10	0.0022366	11.635	28.877	45.154	41.742	51.812	2266.4	-0.51229	70.795	0.28934	447.10	0.0022366	11.635	28.877	45.154	41.742	51.812	2266.4	-0.51229	70.795	0.28934
448.33	482.43	undefined	11.708	29.018	45.318	447.10	0.0022366	11.708	29.018	45.318	41.836	51.893	2268.3	-0.51146	70.713	0.28970	447.10	0.0022366	11.708	29.018	45.318	41.836	51.893	2268.3	-0.51146	70.713	0.28970
450.08	484.31	undefined	11.781	29.159	45.481	447.10	0.0022366	11.781	29.159	45.481	41.930	51.975	2270.2	-0.51064	70.632	0.29006	447.10	0.0022366	11.781	29.159	45.481	41.930	51.975	2270.2	-0.51064	70.632	0.29006
451.82	486.19	undefined	11.854	29.300	45.644	447.10	0.0022366	11.854	29.300	45.644	42.024	52.056	2272.0	-0.50981	70.553	0.29041	447.10	0.0022366	11.854	29.300	45.644	42.024	52.056	2272.0	-0.50981	70.553	0.29041
453.57	488.07	undefined	11.928	29.441	45.806	447.10	0.0022366	11.928	29.441	45.806	42.119	52.138	2273.9	-0.50899	70.474	0.29077	447.10	0.0022366	11.928	29.441	45.806	42.119	52.138	2273.9	-0.50899	70.474	0.29077
455.32	489.94	undefined	12.002	29.582	45.968	447.10	0.0022366	12.002	29.582	45.968	42.214	52.220	2275.7	-0.50816	70.396	0.29113	447.10	0.0022366	12.002	29.582	45.968	42.214	52.220	2275.7	-0.50816	70.396	0.29113
457.07	491.81	undefined	12.076	29.723	46.130	447.10	0.0022366	12.076	29.723	46.130	42.308	52.302	2277.6	-0.50734	70.319	0.29149	447.10	0.0022366	12.076	29.723	46.130	42.308	52.302	2277.6	-0.50734	70.319	0.29149
458.82	493.68	undefined	12.150	29.864	46.292	447.10	0.0022366	12.150	29.864	46.292	42.403	52.385	2279.4	-0.50652	70.243	0.29185	447.10	0.0022366	12.150	29.864	46.292	42.403	52.385	2279.4	-0.50652	70.243	0.29185
460.57	495.55	undefined	12.224	30.005	46.454	447.10	0.0022366	12.224	30.005	46.454	42.498	52.467	2281.3	-0.50569	70.168	0.29221	447.10	0.0022366	12.224	30.005	46.454	42.498	52.467	2281.3	-0.50569	70.168	0.29221
462.32	497.41	undefined	12.298	30.147	46.615	447.10	0.0022366	12.298	30.147	46.615	42.593	52.550	2283.1	-0.50487	70.094	0.29257	447.10	0.0022366	12.298	30.147	46.615	42.593	52.550	2283.1	-0.50487	70.094	0.29257
464.07	499.27	undefined	12.373	30.288	46.776	447.10	0.0022366	12.373	30.288	46.776	42.689	52.633	2284.9	-0.50405	70.020	0.29293	447.10	0.0022366	12.373	30.288	46.776	42.689	52.633	2284.9	-0.50405	70.020	0.29293
465.82	501.13	undefined	12.448	30.429	46.937	447.10	0.0022366	12.448	30.429	46.937	42.784	52.716	2286.8	-0.50322	69.948	0.29329	447.10	0.0022366	12.448	30.429	46.937	42.784	52.716	2286.8	-0.50322	69.948	0.29329
467.57	502.99	undefined	12.523	30.571	47.097	447.10	0.0022366	12.523	30.571	47.097	42.879	52.800	2288.6	-0.50240	69.877	0.29365	447.10	0.0022366	12.523	30.571	47.097	42.879	52.800	2288.6	-0.50240	69.877	0.29365
469.32	504.84	undefined	12.598	30.713	47.258	447.10	0.0022366	12.598	30.713	47.258	42.975	52.883	2290.4	-0.50158	69.806	0.29401	447.10	0.0022366	12.598	30.713	47.258	42.975	52.883	2290.4	-0.50158	69.806	0.29401
471.07	506.69	undefined	12.673	30.854	47.418	447.10	0.0022366	12.673	30.854	47.418	43.071	52.967	2292.2	-0.50077	69.737	0.29438	447.10	0.0022366	12.673	30.854	47.418	43.071	52.967	2292.2	-0.50077	69.737	0.29438
472.82	508.54	undefined	12.748	30.996	47.578	447.10	0.0022366	12.748	30.996	47.578	43.166	53.051	2294.0	-0.49995	69.668	0.29474	447.10	0.0022366	12.748	30.996	47.578	43.166	53.051	2294.0	-0.49995	69.668	0.29474
474.56	510.39	undefined	12.824	31.138	47.737	447.10	0.0022366	12.824	31.138	47.737	43.262	53.135	2295.8	-0.49913	69.600	0.29510	447.10	0.0022366	12.824	31.138	47.737	43.262	53.135	2295.8	-0.49913	69.600	0.29510
476.31	512.23	undefined	12.900	31.280	47.897	447.10	0.0022366	12.900	31.280	47.897	43.358	53.219	2297.6	-0.49831	69.533	0.29547	447.10	0.0022366	12.900	31.280	47.897	43.358	53.219	2297.6	-0.49831	69.533	0.29547
478.06	514.07	undefined	12.976	31.422	48.056	447.10	0.0022366	12.976	31.422	48.056	43.454	53.304	2299.4	-0.49750	69.466	0.29583	447.10	0.0022366	12.976	31.422	48.056	43.454	53.304	2299.4	-0.49750	69.466	0.29583
479.81	515.91	undefined	13.052	31.564	48.215	447.10	0.0022366	13.052	31.564	48.215	43.550	53.388	2301.2	-0.49668	69.401	0.29620	447.10	0.0022366	13.052	31.564	48.215	43.550	53.388	2301.2	-0.49668	69.401	0.29620
481.56	517.75	undefined	13.128	31.706	48.373	447.10	0.0022366	13.128	31.706	48.373	43.646	53.473	2303.0	-0.49587	69.336	0.29656	447.10	0.0022366	13.128	31.706	48.373	43.646	53.473	2303.0	-0.49587	69.336	0.29656
483.31	519.58	undefined	13.205	31.848	48.532	447.10	0.0022366	13.205	31.848	48.532	43.742	53.558	2304.7	-0.49506	69.272	0.29693	447.10	0.0022366	13.205	31.848	48.532	43.742	53.558	2304.7	-0.49506	69.272	0.29693
485.06	521.42	undefined	13.281	31.991	48.690	447.10	0.0022366	13.281	31.991	48.690	43.839	53.642	2306.5	-0.49425	69.209	0.29729	447.10	0.0022366	13.281	31.991	48.690	43.839	53.642	2306.5	-0.49425	69.209	0.29729
486.81	523.24	undefined	13.358	32.133	48.848	447.10	0.0022366	13.358	32.133	48.848	43.935	53.727	2308.3	-0.49344	69.147	0.29766	447.10	0.0022366	13.358	32.133	48.848	43.935	53.727	2308.3	-0.49344	69.147	0.29766
488.56	525.07	undefined	13.435	32.275	49.006	447.10	0.0022366	13.435	32.275	49.006	44.031	53.813	2310.0	-0.49263	69.085	0.29802	447.10	0.0022366	13.435	32.275	49.006	44.031	53.813	2310.0	-0.49263	69.085	0.29802
490.31	526.90	undefined	13.512	32.418	49.163	447.10	0.0022366	13.512	32.418	49.163	44.128	53.898	2311.8	-0.49183	69.025	0.29839	447.10	0.0022366	13.512	32.418	49.163	44.128	53.898	2311.8	-0.49183	69.025	0.29839
492.06	528.72	undefined	13.589	32.561	49.320	447.10	0.0022366	13.589	32.561	49.320	44.224	53.983	2313.6	-0.49102	68.964	0.29876	447.10	0.0022366	13.589	32.561	49.320	44.224	53.983	2313.6	-0.49102	68.964	0.29876
493.81	530.54	undefined	13.667	32.703	49.478	447.10	0.0022366	13.667	32.703	49.478	44.321	54.069	2315.3	-0.49022	68.905	0.29913	447.10	0.0022366	13.667	32.703	49.478	44.321	54.069	2315.3	-0.49022	68.905	0.29913
495.56	532.35	undefined	13.744	32.846	49.634	447.10	0.0022366	13.744	32.846	49.634	44.417	54.155	2317.1	-0.48941	68.847	0.29949	447.10	0.0022366	13.744	32.846	49.634	44.417	54.155	2317.1	-0.48941	68.847	0.29949
497.30	534.17	undefined	13.822	32.989	49.791	447.10	0.0022366	13.822	32.989	49.791	44.514	54.240	2318.8	-0.48861	68.789	0.29986	447.10	0.0022366	13.822	32.989	49.791	44.514	54.240	2318.8	-0.48861	68.789	0.29986
499.05	535.98	undefined	13.900	33.132	49.948	447.10	0.0022366	13.900	33.132	49.948	44.611	54.326	2320.5	-0.48782	68.732	0.30023	447.10	0.0022366	13.900	33.132	49.948	44.611	54.326	2320.5	-0.48782	68.732	0.30023
500.80	537.79	undefined	13.978	33.275	50.104	447.10	0.0022366	13.978	33.275	50.104	44.707	54.412	2322.3	-0.48702	68.675	0.30060	447.10	0.0022366	13.978	33.275	50.104	44.707	54.412	2322.3	-0.48702	68.675	0.30060
502.55	539.60	undefined	14.056	33.418	50.260	447.10	0.0022366	14.056	33.418	50.260	44.804	54.498	2324.0	-0.48622	68.619	0.30097	447.10	0.0022366	14.056	33.418	50.260	44.804	54.498	2324.0	-0.48622	68.619	0.30097
504.30	541.41	undefined	14.135	33.562	50.416	447.10	0.0022366	14.135	33.562	50.416	44.901	54.584	2325.7	-0.48543	68.564	0.30134	447.10	0.0022366	14.135	33.562	50.416	44.901	54.584	2325.7	-0.48543	68.564	0.30134
506.05	543.21	undefined	14.214	33.705	50.571	447.10	0.0022366	14.214	33.705	50.571	44.997	54.670	2327.4	-0.48463	68.510	0.30171	447.10	0.0022366	14.214	33.705	50.571	44.997	54.670	2327.4	-0.48463	68.510	0.30171
507.80	545.01	undefined	14.292	33.848	50.727	447.10	0.0022366	14.292	33.848	50.727	45.094	54.757	2329.2	-0.48384	68.456	0.30208	447.10	0.0022366	14.292	33.848	50.727	45.094	54.757	2329.2	-0.48384	68.456	0.30208
509.55	546.81	undefined	14.371	33.992	50.882	447.10	0.0022366	14.371	33.992	50.882	45.191	54.843	2330.9	-0.48305	68.403	0.30245	447.10	0.0022366	14.371	33.992	50.882	45.191	54.843	2330.9	-0.48305	68.403	0.30245
511.30	548.61	undefined	14.450	34.136	51.037	447.10	0.0022366	14.450	34.136	51.037	45.288	54.929	2332.6	-0.48227	68.351	0.30283	447.10	0.0022366	14.450	34.136	51.037	45.288	54.929	2332.6	-0.48227	68.351	0.30283
513.05	550.40	undefined	14.530	34.279	51.192	447.10	0.0022366	14.530	34.279	51.192	45.385	55.016	2334.3	-0.48148	68.299	0.30320	447.10	0.0022366	14.530	34.279	51.192	45.385	55.016	2334.3	-0.48148	68.299	0.30320
514.80	552.20	undefined	14.609	34.423	51.347	447.10	0.0022366	14.609	34.423	51.347	45.482	55.103	2336.0	-0.48070	68.248	0.30357	447.10	0.0022366	14.609	34.423	51.347	45.482	55.103	2336.0	-0.48070	68.248	0.30357
516.55	553.99	undefined	14.689	34.567	51.501	447.10	0.0022366	14.689	34.567	51.501	45.578	55.189	2337.7	-0.47991	68.198	0.30394	447.10	0.0022366	14.689	34.567	51.501	45.578	55.189	2337.7	-0.47991	68.198	0.30394
518.30	555.78	undefined	14.769	34.711	51.655	447.10	0.0022366	14.769	34.711	51.655	45.675	55.276	2339.4	-0.47913	68.148	0.30432	447.10	0.0022366	14.769	34.711	51.655	45.675	55.276	2339.4	-0.47913	68.148	0.30432
520.05	557.56	undefined	14.849	34.855	51.809	447.10	0.0022366	14.849	34.855	51.809	45.772	55.363	2341.1	-0.47836	68.098	0.30469	447.10	0.0022366	14.849	34.855	51.809	45.772	55.363	2341.1	-0.47836	68.098	0.30469
521.79	559.34	undefined	14.929	34.999	51.963	447.10	0.0022366	14.929	34.999	51.963	45.869	55.450	2342.8	-0.47758	68.050	0.30506	447.10	0.0022366	14.929	34.999	51.963	45.869	55.450	2342.8	-0.47758	68.050	0.30506
523.54	561.13	undefined	15.009	35.143	52.117	447.10	0.0022366	15.009	35.143	52.117	45.966	55.536	2344.5	-0.47680	68.002	0.30544	447.10	0.0022366	15.009	35.143	52.117	45.966	55.536	2344.5	-0.47680	68.002	0.30544
525.29	562.91	undefined	15.090	35.288	52.270	447.10	0.0022366	15.090	35.288	52.270	46.063	55.623	2346.1	-0.47603	67.954	0.30581	447.10	0.0022366	15.090	35.288	52.270	46.063	55.623	2346.1	-0.47603	67.954	0.30581
527.04	564.68	undefined	15.170	35.432	52.424	447.10	0.0022366	15.170	35.432	52.424	46.160	55.710	2347.8	-0.47526	67.908	0.30619	447.10	0.0022366	15.170	35.432	52.424	46.160	55.710	2347.8	-0.47526	67.908	0.30619
528.79	566.46	undefined	15.251	35.577	52.577	447.10	0.0022366	15.251	35.577	52.577	46.256	55.797	2349.5	-0.47449	67.861	0.30656	447.10	0.0022366	15.251	35.577	52.577	46.256	55.797	2349.5	-0.47449	67.861	0.30656
530.54	568.23	undefined	15.332	35.721	52.730	447.10	0.0022366	15.332	35.721	52.730	46.353	55.885	2351.2	-0.47372	67.816	0.30694	447.10	0.0022366	15.332	35.721	52.730	46.353	55.885	2351.2	-0.47372	67.816	0.30694
532.29	570.00	undefined	15.413	35.866	52.882	447.10	0.0022366	15.413	35.866	52.882	46.450	55.972	2352.8	-0.47296	67.771	0.30731	447.10	0.0022366	15.413	35.866	52.882	46.450	55.972	2352.8	-0.47296	67.771	0.30731
534.04	571.77	undefined	15.495	36.011	53.035	447.10	0.0022366	15.495	36.011	53.035	46.547	56.059	2354.5	-0.47220	67.726	0.30769	447.10	0.0022366	15.495	36.011	53.035	46.547	56.059	2354.5	-0.47220	67.726	0.30769
535.79	573.54	undefined	15.576	36.156	53.187	447.10	0.0022366	15.576	36.156	53.187	46.644	56.146	2356.1	-0.47144	67.682	0.30807	447.10	0.0022366	15.576	36.156	53.187	46.644	56.146	2356.1	-0.47144	67.682	0.30807
537.54	575.30	undefined	15.658	36.301	53.340	447.10	0.0022366	15.658	36.301	53.340	46.740	56.233	2357.8	-0.47068	67.639	0.30844	447.10	0.0022366	15.658	36.301	53.340	46.740	56.233	2357.8	-0.47068	67.639	0.30844
539.29	577.07	undefined	15.740	36.446	53.492	447.10	0.0022366	15.740	36.446	53.492	46.837	56.321	2359.5	-0.46992	67.596	0.30882	447.10	0.0022366	15.740	36.446	53.492	46.837	56.321	2359.5	-0.46992	67.596	0.30882
541.04	578.83	undefined	15.822	36.591	53.643	447.10	0.0022366	15.822	36.591	53.643	46.934	56.408	2361.1	-0.46916	67.553	0.30920	447.10	0.0022366	15.822	36.591	53.643	46.934	56.408	2361.1	-0.46916	67.553	0.30920
542.79	580.59	undefined	15.904	36.736	53.795	447.10	0.0022366	15.904	36.736	53.795	47.031	56.495	2362.8	-0.46841	67.512	0.30957	447.10	0.0022366	15.904	36.736	53.795	47.031	56.495	2362.8	-0.46841	67.512	0.30957
544.53	582.34	undefined	15.986	36.882	53.947	447.10	0.0022366	15.986	36.882	53.947	47.127	56.583	2364.4	-0.46766	67.470	0.30995	447.10	0.0022366	15.986	36.882	53.947	47.127	56.583	2364.4	-0.46766	67.470	0.30995
546.28	584.10	undefined	16.069	37.027	54.098	447.10	0.0022366	16.069	37.027	54.098	47.224	56.670	2366.0	-0.46691	67.430	0.31033	447.10	0.0022366	16.069	37.027	54.098	47.224	56.670	2366.0	-0.46691	67.430	0.31033
548.03	585.85	undefined	16.151	37.173	54.249	447.10	0.0022366	16.151	37.173	54.249	47.320	56.757	2367.7	-0.46617	67.389	0.31071	447.10	0.0022366	16.151	37.173	54.249	47.320	56.757	2367.7	-0.46617	67.389	0.31071
549.78	587.60	undefined	16.234	37.318	54.400	447.10	0.0022366	16.234	37.318	54.400	47.417	56.845	2369.3	-0.46542	67.350	0.31109	447.10	0.0022366	16.234	37.318	54.400	47.417	56.845	2369.3	-0.46542	67.350	0.31109
551.53	589.35	undefined	16.317	37.464	54.551	447.10	0.0022366	16.317	37.464	54.551	47.514	56.932	2370.9	-0.46468	67.310	0.31147	447.10	0.0022366	16.317	37.464	54.551	47.514	56.932	2370.9	-0.46468	67.310	0.31147
553.28	591.10	undefined	16.400	37.610	54.701	447.10	0.0022366	16.400	37.610	54.701	47.610	57.019	2372.6	-0.46394	67.272	0.31185	447.10	0.0022366	16.400	37.610	54.701	47.610	57.019	2372.6	-0.46394	67.272	0.31185
555.03	592.84	undefined	16.484	37.756	54.852	447.10	0.0022366	16.484	37.756	54.852	47.707	57.107	2374.2	-0.46320	67.233	0.31223	447.10	0.0022366	16.484	37.756	54.852	47.707	57.107	2374.2	-0.46320	67.233	0.31223
556.78	594.58	undefined	16.567	37.902	55.002	447.10	0.0022366	16.567	37.902	55.002	47.803	57.194	2375.8	-0.46246	67.196	0.31261	447.10	0.0022366	16.567	37.902	55.002	47.803	57.194	2375.8	-0.46246	67.196	0.31261
558.53	596.33	undefined	16.651	38.048	55.152	447.10	0.0022366	16.651	38.048	55.152	47.899	57.282	2377.4	-0.46173	67.158	0.31299	447.10	0.0022366	16.651	38.048	55.152	47.899	57.282	2377.4	-0.46173	67.158	0.31299
560.28	598.06	undefined	16.735	38.195	55.302	447.10	0.0022366	16.735	38.195	55.302	47.996	57.369	2379.0	-0.46100	67.122	0.31337	447.10	0.0022366	16.735	38.195	55.302	47.996	57.369	2379.0	-0.46100	67.122	0.31337
562.03	599.80	undefined	16.819	38.341	55.452	447.10	0.0022366	16.819	38.341	55.452	48.092	57.457	2380.7	-0.46027	67.085	0.31375	447.10	0.0022366	16.819	38.341	55.452	48.092	57.457	2380.7	-0.46027	67.085	0.31375
563.78	601.54	undefined	16.903	38.487	55.601	447.10	0.0022366	16.903	38.487	55.601	48.188	57.544	2382.3	-0.45954	67.049	0.31413	447.10	0.0022366	16.903	38.487	55.601	48.188	57.544	2382.3	-0.45954	67.049	0.31413
565.53	603.27	undefined	16.988	38.634	55.751	447.10	0.0022366	16.988	38.634	55.751	48.284	57.632	2383.9	-0.45882	67.014	0.31452	447.10	0.0022366	16.988	38.634	55.751	48.284	57.632	2383.9	-0.45882	67.014	0.31452
567.27	605.00	undefined	17.072	38.781	55.900	447.10	0.0022366	17.072	38.781	55.900	48.381	57.719	2385.5	-0.45809	66.979	0.31490	447.10	0.0022366	17.072	38.781	55.900	48.381	57.719	2385.5	-0.45809	66.979	0.31490
569.02	606.73	undefined	17.157	38.927	56.049	447.10	0.0022366	17.157	38.927	56.049	48.477	57.807	2387.1	-0.45737	66.945	0.31528	447.10	0.0022366	17.157	38.927	56.049	48.477	57.807	2387.1	-0.45737	66.945	0.31528
570.77	608.46	undefined	17.242	39.074	56.198	447.10	0.0022366	17.242	39.074	56.198	48.573	57.894	2388.7	-0.45665	66.910	0.31566	447.10	0.0022366	17.242	39.074	56.198	48.573	57.894	2388.7	-0.45665	66.910	0.31566
572.52	610.18	undefined	17.327	39.221	56.347	447.10	0.0022366	17.327	39.221	56.347	48.669	57.981	2390.3	-0.45594	66.877	0.31605	447.10	0.0022366	17.327	39.221	56.347	48.669	57.981	2390.3	-0.45594	66.877	0.31605
574.27	611.91	undefined	17.412	39.368	56.496	447.10	0.0022366	17.412	39.368	56.496	48.765	58.069	2391.9	-0.45522	66.844	0.31643	447.10	0.0022366	17.412	39.368	56.496	48.765	58.069	2391.9	-0.45522	66.844	0.31643
576.02	613.63	undefined	17.497	39.516	56.644	447.10	0.0022366	17.497	39.516	56.644	48.861	58.156	2393.4	-0.45451	66.811	0.31681	447.10	0.0022366	17.497	39.516	56.644	48.861	58.156	2393.4	-0.45451	66.811	0.31681
577.77	615.35	undefined	17.583	39.663	56.792	447.10	0.0022366	17.583	39.663	56.792	48.956	58.244	2395.0	-0.45380	66.779	0.31720	447.10	0.0022366	17.583	39.663	56.792	48.956	58.244	2395.0	-0.45380	66.779	0.31720
579.52	617.07	undefined	17.669	39.810	56.940	447.10	0.0022366	17.669	39.810	56.940	49.052	58.331	2396.6	-0.45309	66.747	0.31758	447.10	0.0022366	17.669	39.810	56.940	49.052	58.331	2396.6	-0.45309	66.747	0.31758
581.27	618.78	undefined	17.755	39.958	57.088	447.10	0.0022366	17.755	39.958	57.088	49.148	58.418	2398.2	-0.45239	66.715	0.31797	447.10	0.0022366	17.755	39.958	57.088	49.148	58.418	2398.2	-0.45239	66.715	0.31797
583.02	620.50	undefined	17.841	40.105	57.236	447.10	0.0022366	17.841	40.105	57.236	49.244	58.506	2399.8	-0.45169	66.684	0.31835	447.10	0.0022366	17.841	40.105	57.236	49.244	58.506	2399.8	-0.45169	66.684	0.31835
584.77	622.21	undefined	17.927	40.253	57.384	447.10	0.0022366	17.927	40.253	57.384	49.339	58.593	2401.3	-0.45098	66.654	0.31874	447.10	0.0022366	17.927	40.253	57.384	49.339	58.593	2401.3	-0.45098	66.654	0.31874
586.52	623.92	undefined	18.013	40.401	57.531	447.10	0.0022366	18.013	40.401	57.531	49.435	58.680	2402.9	-0.45029	66.623	0.31912	447.10	0.0022366	18.013	40.401	57.531	49.435	58.680	2402.9	-0.45029	66.623	0.31912
588.27	625.63	undefined	18.100	40.549	57.679	447.10	0.0022366	18.100	40.549	57.679	49.530	58.768	2404.5	-0.44959	66.594	0.31951	447.10	0.0022366	18.100	40.549	57.679	49.530	58.768	2404.5	-0.44959	66.594	0.31951
590.02	627.34	undefined	18.186	40.696	57.826	447.10	0.0022366	18.186	40.696	57.826	49.626	58.855	2406.0	-0.44890	66.564	0.31989	447.10	0.0022366	18.186	40.696	57.826	49.626	58.855	2406.0	-0.44890	66.564	0.31989
591.76	629.04	undefined	18.273	40.845	57.973	447.10	0.0022366	18.273	40.845	57.973	49.721	58.942	2407.6	-0.44820	66.535	0.32028	447.10	0.0022366	18.273	40.845	57.973	49.721	58.942	2407.6	-0.44820	66.535	0.32028
593.51	630.75	undefined	18.360	40.993	58.120	447.10	0.0022366	18.360	40.993	58.120	49.816	59.029	2409.2	-0.44751	66.507	0.32066	447.10	0.0022366	18.360	40.993	58.120	49.816	59.029	2409.2	-0.44751	66.507	0.32066
595.26	632.45	undefined	18.448	41.141	58.267	447.10	0.0022366	18.448	41.141	58.267	49.911	59.117	2410.7	-0.44683	66.478	0.32105	447.10	0.0022366	18.448	41.141	58.267	49.911	59.117	2410.7	-0.44683	66.478	0.32105
597.01	634.15	undefined	18.535	41.289	58.413	447.10	0.0022366	18.535	41.289	58.413	50.006	59.204	2412.3	-0.44614	66.450	0.32144	447.10	0.0022366	18.535	41.289	58.413	50.006	59.204	2412.3	-0.44614	66.450	0.32144
598.76	635.85	undefined	18.623	41.438	58.560	447.10	0.0022366	18.623	41.438	58.560	50.101	59.291	2413.8	-0.44546	66.423	0.32182	447.10	0.0022366	18.623	41.438	58.560	50.101	59.291	2413.8	-0.44546	66.423	0.32182
600.51	637.54	undefined	18.710	41.587	58.706	447.10	0.0022366	18.710	41.587	58.706	50.196	59.378	2415.4	-0.44478	66.396	0.32221	447.10	0.0022366	18.710	41.587	58.706	50.196	59.378	2415.4	-0.44478	66.396	0.32221
602.26	639.24	undefined	18.798	41.735	58.852	447.10	0.0022366	18.798	41.735	58.852	50.291	59.465	2416.9	-0.44410	66.369	0.32260	447.10	0.0022366	18.798	41.735	58.852	50.291	59.465	2416.9	-0.44410	66.369	0.32260
604.01	640.93	undefined	18.886	41.884	58.998	447.10	0.0022366	18.886	41.884	58.998	50.386	59.552	2418.5	-0.44342	66.343	0.32299	447.10	0.0022366	18.886	41.884	58.998	50.386	59.552	2418.5	-0.44342	66.343	0.32299
605.76	642.62	undefined	18.974	42.033	59.144	447.10	0.0022366	18.974	42.033	59.144	50.481	59.639	2420.0	-0.44275	66.317	0.32338	447.10	0.0022366	18.974	42.033	59.144	50.481	59.639	2420.0	-0.44275	66.317	0.32338
607.51	644.31	undefined	19.063	42.182	59.290	447.10	0.0022366	19.063	42.182	59.290	50.576	59.726	2421.6	-0.44207	66.291	0.32376	447.10	0.0022366	19.063	42.182	59.290	50.576	59.726	2421.6	-0.44207	66.291	0.32376
609.26	646.00	undefined	19.151	42.331	59.435	447.10	0.0022366	19.151	42.331	59.435	50.670	59.813	2423.1	-0.44140	66.266	0.32415	447.10	0.0022366	19.151	42.331	59.435	50.670	59.813	2423.1	-0.44140	66.266	0.32415
611.01	647.68	undefined	19.240	42.480	59.581	447.10	0.0022366	19.240	42.480	59.581	50.765	59.900	2424.6	-0.44074	66.241	0.32454	447.10	0.0022366	19.240	42.480	59.581	50.765	59.900	2424.6	-0.44074	66.241	0.32454
612.76	649.37	undefined	19.329	42.630	59.726	447.10	0.0022366	19.329	42.630	59.726	50.859	59.986	2426.2	-0.44007	66.216	0.32493	447.10	0.0022366	19.329	42.630	59.726	50.859	59.986	2426.2	-0.44007	66.216	0.32493
614.50	651.05	undefined	19.418	42.779	59.871	447.10	0.0022366	19.418	42.779	59.871	50.954	60.073	2427.7	-0.43941	66.192	0.32532	447.10	0.0022366	19.418	42.779	59.871	50.954	60.073	2427.7	-0.43941	66.192	0.32532
616.25	652.73	undefined	19.507	42.929	60.016	447.10	0.0022366	19.507	42.929	60.016	51.048	60.160	2429.2	-0.43875	66.168	0.32571	447.10	0.0022366	19.507	42.929	60.016	51.048	60.160	2429.2	-0.43875	66.168	0.32571
618.00	654.41	undefined	19.597	43.078	60.161	447.10	0.0022366	19.597	43.078	60.161	51.142	60.247	2430.7	-0.43809	66.144	0.32610	447.10	0.0022366	19.597	43.078	60.161	51.142	60.247	2430.7	-0.43809	66.144	0.32610
619.75	656.09	undefined	19.686	43.228	60.306	447.10	0.0022366	19.686	43.228	60.306	51.236	60.333	2432.3	-0.43743	66.121	0.32649	447.10	0.0022366	19.686	43.228	60.306	51.236	60.333	2432.3	-0.43743	66.121	0.32649
621.50	657.77	undefined	19.776	43.378	60.450	447.10	0.0022366	19.776	43.378	60.450	51.330	60.420	2433.8	-0.43678	66.098	0.32688	447.10	0.0022366	19.776	43.378	60.450	51.330	60.420	2433.8	-0.43678	66.098	0.32688
623.25	659.44	undefined	19.866	43.528	60.595	447.10	0.0022366	19.866	43.528	60.595	51.424	60.506	2435.3	-0.43612	66.075	0.32727	447.10	0.0022366	19.866	43.528	60.595	51.424	60.506	2435.3	-0.43612	66.075	0.32727
625.00	661.11	undefined	19.956	43.678	60.739	447.10	0.0022366	19.956	43.678	60.739	51.518	60.593	2436.8	-0.43547	66.053	0.32766	447.10	0.0022366	19.956	43.678	60.739	51.518	60.593	2436.8	-0.43547	66.053	0.32766
