Temperature (K)	Pressure (MPa)	Density (kg/m3)	Volume (m3/kg)	Internal Energy (kJ/mol)	Enthalpy (kJ/mol)	Entropy (J/mol*K)	Cv (J/mol*K)	Cp (J/mol*K)	Sound Spd. (m/s)	Joule-Thomson (K/MPa)	Viscosity (Pa*s)	Therm. Cond. (W/m*K)	Phase
465.15	63.500	202.92	0.0049281	14.580	19.601	66.469	37.810	53.042	851.62	-0.11289	2.8190e-05	0.10013	supercritical
466.65	63.500	202.32	0.0049427	14.645	19.680	66.640	37.890	53.087	851.27	-0.11282	2.8163e-05	0.10023	supercritical
468.15	63.500	201.72	0.0049574	14.710	19.760	66.810	37.970	53.131	850.93	-0.11277	2.8136e-05	0.10034	supercritical
469.65	63.500	201.12	0.0049721	14.774	19.840	66.980	38.050	53.176	850.60	-0.11273	2.8109e-05	0.10044	supercritical
471.15	63.500	200.53	0.0049868	14.839	19.919	67.150	38.130	53.221	850.28	-0.11271	2.8083e-05	0.10055	supercritical
472.65	63.500	199.94	0.0050015	14.904	19.999	67.319	38.210	53.267	849.98	-0.11269	2.8058e-05	0.10066	supercritical
474.15	63.500	199.35	0.0050162	14.969	20.079	67.488	38.291	53.313	849.68	-0.11269	2.8033e-05	0.10077	supercritical
475.65	63.500	198.77	0.0050309	15.034	20.159	67.657	38.371	53.359	849.39	-0.11271	2.8009e-05	0.10089	supercritical
477.15	63.500	198.19	0.0050455	15.099	20.239	67.825	38.452	53.406	849.11	-0.11273	2.7985e-05	0.10100	supercritical
478.65	63.500	197.62	0.0050602	15.165	20.319	67.992	38.532	53.452	848.85	-0.11276	2.7962e-05	0.10112	supercritical
480.15	63.500	197.05	0.0050749	15.230	20.400	68.160	38.613	53.499	848.59	-0.11281	2.7939e-05	0.10124	supercritical
481.65	63.500	196.48	0.0050896	15.295	20.480	68.327	38.694	53.547	848.34	-0.11287	2.7917e-05	0.10136	supercritical
483.15	63.500	195.91	0.0051043	15.361	20.560	68.493	38.775	53.594	848.10	-0.11293	2.7895e-05	0.10148	supercritical
484.65	63.500	195.35	0.0051189	15.426	20.641	68.660	38.856	53.642	847.87	-0.11301	2.7874e-05	0.10161	supercritical
486.15	63.500	194.79	0.0051336	15.492	20.721	68.825	38.937	53.691	847.65	-0.11310	2.7854e-05	0.10174	supercritical
487.65	63.500	194.24	0.0051483	15.557	20.802	68.991	39.019	53.739	847.44	-0.11320	2.7833e-05	0.10187	supercritical
489.15	63.500	193.69	0.0051629	15.623	20.882	69.156	39.100	53.788	847.23	-0.11330	2.7814e-05	0.10200	supercritical
490.65	63.500	193.14	0.0051776	15.689	20.963	69.321	39.182	53.837	847.04	-0.11342	2.7795e-05	0.10213	supercritical
492.15	63.500	192.59	0.0051923	15.755	21.044	69.485	39.263	53.886	846.85	-0.11355	2.7776e-05	0.10226	supercritical
493.65	63.500	192.05	0.0052069	15.820	21.125	69.649	39.345	53.936	846.68	-0.11369	2.7758e-05	0.10240	supercritical
495.15	63.500	191.51	0.0052216	15.886	21.206	69.813	39.427	53.986	846.51	-0.11383	2.7740e-05	0.10254	supercritical
496.65	63.500	190.98	0.0052363	15.953	21.287	69.976	39.508	54.036	846.34	-0.11399	2.7722e-05	0.10268	supercritical
498.15	63.500	190.44	0.0052509	16.019	21.368	70.139	39.590	54.086	846.19	-0.11415	2.7706e-05	0.10282	supercritical
499.65	63.500	189.91	0.0052656	16.085	21.449	70.302	39.672	54.137	846.05	-0.11432	2.7689e-05	0.10296	supercritical
501.15	63.500	189.39	0.0052802	16.151	21.530	70.464	39.754	54.188	845.91	-0.11450	2.7673e-05	0.10311	supercritical
502.65	63.500	188.86	0.0052949	16.218	21.612	70.626	39.836	54.239	845.78	-0.11469	2.7657e-05	0.10325	supercritical
504.15	63.500	188.34	0.0053095	16.284	21.693	70.788	39.918	54.290	845.66	-0.11488	2.7642e-05	0.10340	supercritical
505.65	63.500	187.82	0.0053241	16.351	21.774	70.949	40.001	54.342	845.54	-0.11509	2.7628e-05	0.10355	supercritical
507.15	63.500	187.31	0.0053388	16.417	21.856	71.110	40.083	54.394	845.43	-0.11530	2.7613e-05	0.10370	supercritical
508.65	63.500	186.80	0.0053534	16.484	21.938	71.271	40.165	54.446	845.33	-0.11552	2.7599e-05	0.10385	supercritical
510.15	63.500	186.29	0.0053680	16.551	22.019	71.432	40.248	54.498	845.24	-0.11574	2.7586e-05	0.10400	supercritical
511.65	63.500	185.78	0.0053827	16.618	22.101	71.592	40.330	54.551	845.16	-0.11597	2.7573e-05	0.10416	supercritical
513.15	63.500	185.28	0.0053973	16.685	22.183	71.751	40.413	54.604	845.08	-0.11621	2.7560e-05	0.10432	supercritical
514.65	63.500	184.78	0.0054119	16.752	22.265	71.911	40.495	54.657	845.01	-0.11646	2.7547e-05	0.10448	supercritical
516.15	63.500	184.28	0.0054265	16.819	22.347	72.070	40.578	54.710	844.94	-0.11671	2.7535e-05	0.10464	supercritical
517.65	63.500	183.79	0.0054411	16.886	22.429	72.229	40.660	54.764	844.88	-0.11697	2.7524e-05	0.10480	supercritical
519.15	63.500	183.29	0.0054557	16.953	22.511	72.387	40.743	54.817	844.83	-0.11723	2.7513e-05	0.10496	supercritical
520.65	63.500	182.80	0.0054703	17.021	22.594	72.546	40.826	54.871	844.79	-0.11750	2.7502e-05	0.10512	supercritical
522.15	63.500	182.32	0.0054849	17.088	22.676	72.704	40.909	54.926	844.75	-0.11778	2.7491e-05	0.10529	supercritical
523.65	63.500	181.83	0.0054995	17.156	22.758	72.861	40.991	54.980	844.71	-0.11806	2.7481e-05	0.10546	supercritical
525.15	63.500	181.35	0.0055141	17.224	22.841	73.019	41.074	55.035	844.69	-0.11835	2.7471e-05	0.10562	supercritical
526.65	63.500	180.87	0.0055287	17.291	22.923	73.176	41.157	55.089	844.67	-0.11864	2.7462e-05	0.10579	supercritical
528.15	63.500	180.40	0.0055433	17.359	23.006	73.332	41.240	55.144	844.65	-0.11894	2.7453e-05	0.10597	supercritical
529.65	63.500	179.92	0.0055579	17.427	23.089	73.489	41.323	55.200	844.65	-0.11924	2.7444e-05	0.10614	supercritical
531.15	63.500	179.45	0.0055725	17.495	23.172	73.645	41.406	55.255	844.64	-0.11955	2.7435e-05	0.10631	supercritical
532.65	63.500	178.99	0.0055870	17.563	23.255	73.801	41.489	55.311	844.65	-0.11986	2.7427e-05	0.10649	supercritical
534.15	63.500	178.52	0.0056016	17.631	23.338	73.957	41.572	55.367	844.66	-0.12018	2.7419e-05	0.10666	supercritical
535.65	63.500	178.06	0.0056162	17.699	23.421	74.112	41.655	55.423	844.67	-0.12050	2.7412e-05	0.10684	supercritical
537.15	63.500	177.60	0.0056307	17.768	23.504	74.267	41.738	55.479	844.69	-0.12083	2.7405e-05	0.10702	supercritical
538.65	63.500	177.14	0.0056453	17.836	23.587	74.422	41.821	55.535	844.72	-0.12116	2.7398e-05	0.10720	supercritical
540.15	63.500	176.68	0.0056598	17.905	23.671	74.576	41.904	55.592	844.75	-0.12150	2.7391e-05	0.10738	supercritical
541.65	63.500	176.23	0.0056744	17.973	23.754	74.731	41.987	55.649	844.79	-0.12184	2.7385e-05	0.10757	supercritical
543.15	63.500	175.78	0.0056889	18.042	23.837	74.885	42.070	55.706	844.83	-0.12218	2.7379e-05	0.10775	supercritical
544.65	63.500	175.33	0.0057034	18.111	23.921	75.038	42.154	55.763	844.87	-0.12252	2.7374e-05	0.10793	supercritical
546.15	63.500	174.89	0.0057180	18.180	24.005	75.192	42.237	55.820	844.93	-0.12288	2.7368e-05	0.10812	supercritical
547.65	63.500	174.44	0.0057325	18.249	24.089	75.345	42.320	55.877	844.98	-0.12323	2.7363e-05	0.10831	supercritical
549.15	63.500	174.00	0.0057470	18.318	24.172	75.498	42.403	55.935	845.05	-0.12359	2.7359e-05	0.10850	supercritical
550.65	63.500	173.56	0.0057616	18.387	24.256	75.650	42.486	55.993	845.11	-0.12395	2.7354e-05	0.10869	supercritical
552.15	63.500	173.13	0.0057761	18.456	24.340	75.803	42.569	56.051	845.19	-0.12431	2.7350e-05	0.10888	supercritical
553.65	63.500	172.69	0.0057906	18.526	24.424	75.955	42.653	56.109	845.26	-0.12468	2.7346e-05	0.10907	supercritical
555.15	63.500	172.26	0.0058051	18.595	24.509	76.107	42.736	56.168	845.34	-0.12505	2.7342e-05	0.10927	supercritical
556.65	63.500	171.83	0.0058196	18.664	24.593	76.258	42.819	56.226	845.43	-0.12542	2.7339e-05	0.10946	supercritical
558.15	63.500	171.41	0.0058341	18.734	24.677	76.410	42.902	56.285	845.52	-0.12580	2.7336e-05	0.10966	supercritical
559.65	63.500	170.98	0.0058486	18.804	24.762	76.561	42.985	56.344	845.62	-0.12618	2.7333e-05	0.10985	supercritical
561.15	63.500	170.56	0.0058631	18.874	24.846	76.712	43.069	56.402	845.72	-0.12656	2.7330e-05	0.11005	supercritical
562.65	63.500	170.14	0.0058775	18.944	24.931	76.863	43.152	56.462	845.82	-0.12694	2.7328e-05	0.11025	supercritical
564.15	63.500	169.72	0.0058920	19.014	25.016	77.013	43.235	56.521	845.93	-0.12733	2.7326e-05	0.11045	supercritical
565.65	63.500	169.31	0.0059065	19.084	25.101	77.163	43.318	56.580	846.04	-0.12772	2.7324e-05	0.11065	supercritical
567.15	63.500	168.89	0.0059209	19.154	25.186	77.313	43.401	56.640	846.16	-0.12811	2.7323e-05	0.11085	supercritical
568.65	63.500	168.48	0.0059354	19.224	25.271	77.463	43.484	56.700	846.28	-0.12850	2.7321e-05	0.11106	supercritical
570.15	63.500	168.07	0.0059499	19.294	25.356	77.612	43.568	56.759	846.40	-0.12890	2.7320e-05	0.11126	supercritical
571.65	63.500	167.66	0.0059643	19.365	25.441	77.761	43.651	56.819	846.53	-0.12929	2.7319e-05	0.11147	supercritical
573.15	63.500	167.26	0.0059788	19.435	25.526	77.910	43.734	56.880	846.67	-0.12969	2.7319e-05	0.11168	supercritical
574.65	63.500	166.86	0.0059932	19.506	25.611	78.059	43.817	56.940	846.80	-0.13009	2.7318e-05	0.11188	supercritical
576.15	63.500	166.45	0.0060076	19.577	25.697	78.208	43.900	57.000	846.94	-0.13050	2.7318e-05	0.11209	supercritical
577.65	63.500	166.06	0.0060221	19.648	25.782	78.356	43.983	57.061	847.09	-0.13090	2.7318e-05	0.11230	supercritical
579.15	63.500	165.66	0.0060365	19.719	25.868	78.504	44.066	57.121	847.24	-0.13131	2.7319e-05	0.11251	supercritical
580.65	63.500	165.26	0.0060509	19.790	25.954	78.652	44.149	57.182	847.39	-0.13171	2.7319e-05	0.11272	supercritical
582.15	63.500	164.87	0.0060653	19.861	26.040	78.799	44.232	57.243	847.55	-0.13212	2.7320e-05	0.11294	supercritical
583.65	63.500	164.48	0.0060797	19.932	26.126	78.947	44.315	57.304	847.71	-0.13253	2.7321e-05	0.11315	supercritical
585.15	63.500	164.09	0.0060941	20.003	26.212	79.094	44.398	57.365	847.87	-0.13294	2.7322e-05	0.11336	supercritical
586.65	63.500	163.71	0.0061085	20.075	26.298	79.241	44.481	57.427	848.04	-0.13336	2.7323e-05	0.11358	supercritical
588.15	63.500	163.32	0.0061229	20.146	26.384	79.388	44.564	57.488	848.21	-0.13377	2.7325e-05	0.11380	supercritical
589.65	63.500	162.94	0.0061373	20.218	26.470	79.534	44.647	57.549	848.38	-0.13419	2.7327e-05	0.11401	supercritical
591.15	63.500	162.56	0.0061517	20.290	26.556	79.680	44.730	57.611	848.56	-0.13460	2.7329e-05	0.11423	supercritical
592.65	63.500	162.18	0.0061661	20.361	26.643	79.826	44.813	57.673	848.74	-0.13502	2.7331e-05	0.11445	supercritical
594.15	63.500	161.80	0.0061805	20.433	26.730	79.972	44.896	57.735	848.92	-0.13544	2.7333e-05	0.11467	supercritical
595.65	63.500	161.42	0.0061948	20.505	26.816	80.118	44.978	57.797	849.11	-0.13586	2.7336e-05	0.11489	supercritical
597.15	63.500	161.05	0.0062092	20.577	26.903	80.263	45.061	57.859	849.30	-0.13628	2.7339e-05	0.11511	supercritical
598.65	63.500	160.68	0.0062236	20.650	26.990	80.409	45.144	57.921	849.49	-0.13670	2.7342e-05	0.11534	supercritical
600.15	63.500	160.31	0.0062379	20.722	27.077	80.554	45.227	57.983	849.69	-0.13712	2.7345e-05	0.11556	supercritical
465.15	73.500	220.92	0.0045266	14.347	19.685	65.023	38.001	53.011	912.51	-0.20019	3.0092e-05	0.10566	supercritical
466.65	73.500	220.31	0.0045390	14.412	19.764	65.194	38.081	53.060	911.97	-0.19984	3.0057e-05	0.10574	supercritical
468.15	73.500	219.71	0.0045515	14.477	19.844	65.364	38.160	53.109	911.43	-0.19950	3.0022e-05	0.10583	supercritical
469.65	73.500	219.11	0.0045640	14.542	19.924	65.534	38.239	53.158	910.91	-0.19917	2.9988e-05	0.10592	supercritical
471.15	73.500	218.51	0.0045764	14.607	20.003	65.704	38.319	53.208	910.41	-0.19885	2.9955e-05	0.10601	supercritical
472.65	73.500	217.92	0.0045889	14.672	20.083	65.873	38.399	53.258	909.91	-0.19854	2.9922e-05	0.10610	supercritical
474.15	73.500	217.33	0.0046014	14.738	20.163	66.042	38.478	53.308	909.42	-0.19825	2.9890e-05	0.10619	supercritical
475.65	73.500	216.74	0.0046139	14.803	20.243	66.210	38.558	53.358	908.95	-0.19796	2.9859e-05	0.10629	supercritical
477.15	73.500	216.15	0.0046263	14.868	20.323	66.379	38.638	53.408	908.48	-0.19768	2.9828e-05	0.10639	supercritical
478.65	73.500	215.57	0.0046388	14.934	20.403	66.546	38.719	53.459	908.03	-0.19741	2.9798e-05	0.10649	supercritical
480.15	73.500	214.99	0.0046513	14.999	20.484	66.714	38.799	53.510	907.58	-0.19716	2.9768e-05	0.10659	supercritical
481.65	73.500	214.42	0.0046638	15.065	20.564	66.881	38.879	53.561	907.15	-0.19691	2.9739e-05	0.10670	supercritical
483.15	73.500	213.85	0.0046762	15.130	20.644	67.047	38.960	53.613	906.72	-0.19667	2.9710e-05	0.10680	supercritical
484.65	73.500	213.28	0.0046887	15.196	20.725	67.213	39.040	53.665	906.31	-0.19644	2.9682e-05	0.10691	supercritical
486.15	73.500	212.71	0.0047012	15.262	20.805	67.379	39.121	53.716	905.91	-0.19622	2.9655e-05	0.10702	supercritical
487.65	73.500	212.15	0.0047137	15.328	20.886	67.545	39.202	53.769	905.51	-0.19601	2.9628e-05	0.10713	supercritical
489.15	73.500	211.59	0.0047262	15.394	20.967	67.710	39.282	53.821	905.13	-0.19581	2.9601e-05	0.10725	supercritical
490.65	73.500	211.03	0.0047386	15.460	21.047	67.875	39.363	53.873	904.75	-0.19562	2.9575e-05	0.10736	supercritical
492.15	73.500	210.48	0.0047511	15.526	21.128	68.040	39.444	53.926	904.39	-0.19543	2.9550e-05	0.10748	supercritical
493.65	73.500	209.93	0.0047636	15.592	21.209	68.204	39.525	53.979	904.03	-0.19525	2.9525e-05	0.10760	supercritical
495.15	73.500	209.38	0.0047761	15.659	21.290	68.368	39.607	54.032	903.69	-0.19509	2.9500e-05	0.10772	supercritical
496.65	73.500	208.83	0.0047885	15.725	21.371	68.531	39.688	54.086	903.35	-0.19493	2.9476e-05	0.10784	supercritical
498.15	73.500	208.29	0.0048010	15.791	21.453	68.694	39.769	54.139	903.02	-0.19477	2.9453e-05	0.10797	supercritical
499.65	73.500	207.75	0.0048135	15.858	21.534	68.857	39.851	54.193	902.70	-0.19463	2.9429e-05	0.10809	supercritical
501.15	73.500	207.21	0.0048260	15.925	21.615	69.020	39.932	54.247	902.39	-0.19449	2.9407e-05	0.10822	supercritical
502.65	73.500	206.68	0.0048385	15.991	21.696	69.182	40.014	54.301	902.09	-0.19436	2.9385e-05	0.10835	supercritical
504.15	73.500	206.15	0.0048509	16.058	21.778	69.344	40.095	54.356	901.79	-0.19424	2.9363e-05	0.10848	supercritical
505.65	73.500	205.62	0.0048634	16.125	21.860	69.505	40.177	54.410	901.51	-0.19413	2.9342e-05	0.10862	supercritical
507.15	73.500	205.09	0.0048759	16.192	21.941	69.667	40.259	54.465	901.23	-0.19402	2.9321e-05	0.10875	supercritical
508.65	73.500	204.57	0.0048884	16.259	22.023	69.828	40.340	54.520	900.96	-0.19392	2.9301e-05	0.10889	supercritical
510.15	73.500	204.05	0.0049008	16.326	22.105	69.988	40.422	54.575	900.70	-0.19383	2.9281e-05	0.10903	supercritical
511.65	73.500	203.53	0.0049133	16.393	22.187	70.148	40.504	54.631	900.45	-0.19374	2.9261e-05	0.10917	supercritical
513.15	73.500	203.01	0.0049258	16.460	22.269	70.308	40.586	54.686	900.20	-0.19367	2.9242e-05	0.10931	supercritical
514.65	73.500	202.50	0.0049382	16.528	22.351	70.468	40.668	54.742	899.97	-0.19359	2.9224e-05	0.10945	supercritical
516.15	73.500	201.99	0.0049507	16.595	22.433	70.628	40.750	54.798	899.74	-0.19353	2.9206e-05	0.10960	supercritical
517.65	73.500	201.48	0.0049632	16.663	22.515	70.787	40.832	54.854	899.52	-0.19347	2.9188e-05	0.10974	supercritical
519.15	73.500	200.98	0.0049756	16.730	22.597	70.946	40.914	54.910	899.30	-0.19341	2.9170e-05	0.10989	supercritical
520.65	73.500	200.48	0.0049881	16.798	22.680	71.104	40.996	54.967	899.10	-0.19337	2.9153e-05	0.11004	supercritical
522.15	73.500	199.98	0.0050006	16.866	22.762	71.262	41.079	55.023	898.90	-0.19332	2.9137e-05	0.11019	supercritical
523.65	73.500	199.48	0.0050130	16.934	22.845	71.420	41.161	55.080	898.70	-0.19329	2.9121e-05	0.11034	supercritical
525.15	73.500	198.99	0.0050255	17.002	22.928	71.578	41.243	55.137	898.52	-0.19326	2.9105e-05	0.11050	supercritical
526.65	73.500	198.49	0.0050379	17.070	23.010	71.735	41.325	55.194	898.34	-0.19324	2.9089e-05	0.11065	supercritical
528.15	73.500	198.00	0.0050504	17.138	23.093	71.892	41.408	55.252	898.17	-0.19322	2.9074e-05	0.11081	supercritical
529.65	73.500	197.52	0.0050628	17.206	23.176	72.049	41.490	55.309	898.01	-0.19320	2.9060e-05	0.11097	supercritical
531.15	73.500	197.03	0.0050753	17.275	23.259	72.205	41.573	55.367	897.85	-0.19320	2.9045e-05	0.11113	supercritical
532.65	73.500	196.55	0.0050877	17.343	23.342	72.362	41.655	55.425	897.70	-0.19319	2.9031e-05	0.11129	supercritical
534.15	73.500	196.07	0.0051002	17.412	23.425	72.518	41.738	55.483	897.55	-0.19320	2.9018e-05	0.11145	supercritical
535.65	73.500	195.59	0.0051126	17.480	23.509	72.673	41.820	55.541	897.42	-0.19320	2.9004e-05	0.11161	supercritical
537.15	73.500	195.12	0.0051251	17.549	23.592	72.829	41.903	55.599	897.28	-0.19322	2.8991e-05	0.11178	supercritical
538.65	73.500	194.65	0.0051375	17.618	23.675	72.984	41.985	55.657	897.16	-0.19323	2.8979e-05	0.11194	supercritical
540.15	73.500	194.18	0.0051499	17.686	23.759	73.139	42.068	55.716	897.04	-0.19326	2.8967e-05	0.11211	supercritical
541.65	73.500	193.71	0.0051624	17.755	23.843	73.293	42.150	55.775	896.93	-0.19328	2.8955e-05	0.11228	supercritical
543.15	73.500	193.24	0.0051748	17.824	23.926	73.448	42.233	55.833	896.82	-0.19331	2.8943e-05	0.11245	supercritical
544.65	73.500	192.78	0.0051873	17.894	24.010	73.602	42.315	55.892	896.72	-0.19335	2.8932e-05	0.11262	supercritical
546.15	73.500	192.32	0.0051997	17.963	24.094	73.755	42.398	55.952	896.63	-0.19339	2.8921e-05	0.11279	supercritical
547.65	73.500	191.86	0.0052121	18.032	24.178	73.909	42.481	56.011	896.54	-0.19344	2.8910e-05	0.11297	supercritical
549.15	73.500	191.40	0.0052245	18.102	24.262	74.062	42.563	56.070	896.46	-0.19348	2.8900e-05	0.11314	supercritical
550.65	73.500	190.95	0.0052370	18.171	24.346	74.215	42.646	56.130	896.38	-0.19354	2.8890e-05	0.11332	supercritical
552.15	73.500	190.50	0.0052494	18.241	24.430	74.368	42.729	56.189	896.31	-0.19359	2.8881e-05	0.11350	supercritical
553.65	73.500	190.05	0.0052618	18.310	24.515	74.521	42.811	56.249	896.25	-0.19365	2.8871e-05	0.11368	supercritical
555.15	73.500	189.60	0.0052742	18.380	24.599	74.673	42.894	56.309	896.19	-0.19372	2.8862e-05	0.11386	supercritical
556.65	73.500	189.16	0.0052866	18.450	24.684	74.825	42.977	56.369	896.13	-0.19379	2.8853e-05	0.11404	supercritical
558.15	73.500	188.71	0.0052990	18.520	24.768	74.977	43.059	56.430	896.08	-0.19386	2.8845e-05	0.11422	supercritical
559.65	73.500	188.27	0.0053114	18.590	24.853	75.128	43.142	56.490	896.04	-0.19393	2.8837e-05	0.11441	supercritical
561.15	73.500	187.83	0.0053238	18.660	24.938	75.279	43.225	56.550	896.00	-0.19401	2.8829e-05	0.11459	supercritical
562.65	73.500	187.40	0.0053362	18.730	25.023	75.431	43.307	56.611	895.97	-0.19410	2.8821e-05	0.11478	supercritical
564.15	73.500	186.96	0.0053486	18.801	25.108	75.581	43.390	56.672	895.94	-0.19418	2.8814e-05	0.11496	supercritical
565.65	73.500	186.53	0.0053610	18.871	25.193	75.732	43.473	56.732	895.92	-0.19427	2.8807e-05	0.11515	supercritical
567.15	73.500	186.10	0.0053734	18.942	25.278	75.882	43.555	56.793	895.90	-0.19436	2.8800e-05	0.11534	supercritical
568.65	73.500	185.67	0.0053858	19.012	25.363	76.032	43.638	56.854	895.89	-0.19446	2.8794e-05	0.11553	supercritical
570.15	73.500	185.25	0.0053982	19.083	25.448	76.182	43.720	56.916	895.88	-0.19456	2.8788e-05	0.11573	supercritical
571.65	73.500	184.82	0.0054106	19.154	25.534	76.332	43.803	56.977	895.88	-0.19466	2.8782e-05	0.11592	supercritical
573.15	73.500	184.40	0.0054230	19.225	25.619	76.481	43.886	57.038	895.88	-0.19476	2.8776e-05	0.11611	supercritical
574.65	73.500	183.98	0.0054354	19.296	25.705	76.630	43.968	57.100	895.89	-0.19487	2.8771e-05	0.11631	supercritical
576.15	73.500	183.56	0.0054477	19.367	25.791	76.779	44.051	57.161	895.90	-0.19498	2.8765e-05	0.11650	supercritical
577.65	73.500	183.15	0.0054601	19.438	25.876	76.928	44.133	57.223	895.91	-0.19509	2.8760e-05	0.11670	supercritical
579.15	73.500	182.73	0.0054725	19.509	25.962	77.076	44.216	57.285	895.93	-0.19521	2.8756e-05	0.11690	supercritical
580.65	73.500	182.32	0.0054848	19.581	26.048	77.225	44.299	57.347	895.96	-0.19532	2.8751e-05	0.11710	supercritical
582.15	73.500	181.91	0.0054972	19.652	26.134	77.373	44.381	57.409	895.99	-0.19545	2.8747e-05	0.11730	supercritical
583.65	73.500	181.50	0.0055096	19.724	26.220	77.521	44.464	57.471	896.02	-0.19557	2.8743e-05	0.11750	supercritical
585.15	73.500	181.10	0.0055219	19.796	26.307	77.668	44.546	57.533	896.06	-0.19569	2.8740e-05	0.11770	supercritical
586.65	73.500	180.69	0.0055343	19.867	26.393	77.816	44.628	57.595	896.10	-0.19582	2.8736e-05	0.11791	supercritical
588.15	73.500	180.29	0.0055466	19.939	26.479	77.963	44.711	57.658	896.15	-0.19595	2.8733e-05	0.11811	supercritical
589.65	73.500	179.89	0.0055590	20.011	26.566	78.110	44.793	57.720	896.20	-0.19608	2.8730e-05	0.11832	supercritical
591.15	73.500	179.49	0.0055713	20.083	26.653	78.256	44.876	57.783	896.25	-0.19622	2.8727e-05	0.11852	supercritical
592.65	73.500	179.09	0.0055837	20.155	26.739	78.403	44.958	57.846	896.31	-0.19635	2.8725e-05	0.11873	supercritical
594.15	73.500	178.70	0.0055960	20.228	26.826	78.549	45.040	57.908	896.37	-0.19649	2.8722e-05	0.11894	supercritical
595.65	73.500	178.31	0.0056083	20.300	26.913	78.695	45.123	57.971	896.44	-0.19663	2.8720e-05	0.11915	supercritical
597.15	73.500	177.91	0.0056207	20.372	27.000	78.841	45.205	58.034	896.51	-0.19677	2.8718e-05	0.11936	supercritical
598.65	73.500	177.53	0.0056330	20.445	27.087	78.987	45.287	58.097	896.59	-0.19692	2.8717e-05	0.11957	supercritical
600.15	73.500	177.14	0.0056453	20.518	27.174	79.132	45.369	58.160	896.66	-0.19706	2.8715e-05	0.11978	supercritical
465.15	86.500	240.93	0.0041506	14.093	19.852	63.443	38.239	52.907	988.42	-0.28180	3.2389e-05	0.11252	supercritical
466.65	86.500	240.33	0.0041610	14.158	19.932	63.614	38.317	52.960	987.67	-0.28126	3.2346e-05	0.11258	supercritical
468.15	86.500	239.73	0.0041714	14.223	20.011	63.784	38.396	53.014	986.94	-0.28073	3.2303e-05	0.11265	supercritical
469.65	86.500	239.13	0.0041817	14.288	20.091	63.953	38.474	53.068	986.22	-0.28020	3.2262e-05	0.11271	supercritical
471.15	86.500	238.54	0.0041921	14.353	20.171	64.123	38.553	53.122	985.51	-0.27969	3.2220e-05	0.11278	supercritical
472.65	86.500	237.95	0.0042025	14.418	20.250	64.292	38.632	53.176	984.81	-0.27918	3.2180e-05	0.11285	supercritical
474.15	86.500	237.36	0.0042129	14.484	20.330	64.460	38.712	53.230	984.13	-0.27868	3.2140e-05	0.11293	supercritical
475.65	86.500	236.78	0.0042234	14.549	20.410	64.628	38.791	53.284	983.45	-0.27819	3.2101e-05	0.11300	supercritical
477.15	86.500	236.20	0.0042338	14.615	20.490	64.796	38.870	53.339	982.79	-0.27771	3.2062e-05	0.11308	supercritical
478.65	86.500	235.62	0.0042442	14.680	20.570	64.964	38.950	53.394	982.14	-0.27723	3.2024e-05	0.11316	supercritical
480.15	86.500	235.04	0.0042546	14.746	20.650	65.131	39.029	53.449	981.50	-0.27677	3.1987e-05	0.11324	supercritical
481.65	86.500	234.47	0.0042650	14.812	20.730	65.298	39.109	53.504	980.87	-0.27631	3.1950e-05	0.11332	supercritical
483.15	86.500	233.90	0.0042754	14.878	20.811	65.464	39.189	53.560	980.25	-0.27585	3.1914e-05	0.11341	supercritical
484.65	86.500	233.33	0.0042858	14.944	20.891	65.630	39.269	53.615	979.64	-0.27541	3.1878e-05	0.11349	supercritical
486.15	86.500	232.76	0.0042962	15.010	20.971	65.796	39.349	53.671	979.04	-0.27497	3.1843e-05	0.11358	supercritical
487.65	86.500	232.20	0.0043066	15.076	21.052	65.961	39.429	53.727	978.45	-0.27454	3.1809e-05	0.11368	supercritical
489.15	86.500	231.64	0.0043171	15.142	21.133	66.127	39.509	53.783	977.87	-0.27412	3.1775e-05	0.11377	supercritical
490.65	86.500	231.08	0.0043275	15.208	21.213	66.291	39.589	53.839	977.31	-0.27370	3.1741e-05	0.11387	supercritical
492.15	86.500	230.53	0.0043379	15.274	21.294	66.456	39.670	53.896	976.75	-0.27329	3.1708e-05	0.11396	supercritical
493.65	86.500	229.97	0.0043483	15.341	21.375	66.620	39.750	53.952	976.20	-0.27289	3.1676e-05	0.11406	supercritical
495.15	86.500	229.42	0.0043588	15.407	21.456	66.784	39.831	54.009	975.67	-0.27249	3.1644e-05	0.11416	supercritical
496.65	86.500	228.88	0.0043692	15.474	21.537	66.947	39.911	54.066	975.14	-0.27211	3.1613e-05	0.11427	supercritical
498.15	86.500	228.33	0.0043796	15.541	21.618	67.110	39.992	54.123	974.62	-0.27172	3.1582e-05	0.11437	supercritical
499.65	86.500	227.79	0.0043900	15.607	21.699	67.273	40.073	54.181	974.11	-0.27135	3.1552e-05	0.11448	supercritical
501.15	86.500	227.25	0.0044005	15.674	21.781	67.435	40.153	54.238	973.61	-0.27098	3.1522e-05	0.11459	supercritical
502.65	86.500	226.71	0.0044109	15.741	21.862	67.598	40.234	54.296	973.12	-0.27062	3.1493e-05	0.11470	supercritical
504.15	86.500	226.18	0.0044213	15.808	21.944	67.760	40.315	54.353	972.64	-0.27026	3.1464e-05	0.11481	supercritical
505.65	86.500	225.64	0.0044318	15.875	22.025	67.921	40.396	54.411	972.17	-0.26991	3.1436e-05	0.11493	supercritical
507.15	86.500	225.11	0.0044422	15.942	22.107	68.082	40.477	54.469	971.71	-0.26956	3.1408e-05	0.11504	supercritical
508.65	86.500	224.59	0.0044526	16.010	22.189	68.243	40.559	54.528	971.26	-0.26923	3.1381e-05	0.11516	supercritical
510.15	86.500	224.06	0.0044631	16.077	22.270	68.404	40.640	54.586	970.81	-0.26890	3.1354e-05	0.11528	supercritical
511.65	86.500	223.54	0.0044735	16.144	22.352	68.564	40.721	54.644	970.37	-0.26857	3.1327e-05	0.11540	supercritical
513.15	86.500	223.02	0.0044839	16.212	22.434	68.724	40.802	54.703	969.95	-0.26825	3.1302e-05	0.11552	supercritical
514.65	86.500	222.50	0.0044944	16.280	22.516	68.884	40.884	54.762	969.53	-0.26793	3.1276e-05	0.11565	supercritical
516.15	86.500	221.99	0.0045048	16.347	22.599	69.044	40.965	54.821	969.12	-0.26763	3.1251e-05	0.11577	supercritical
517.65	86.500	221.47	0.0045152	16.415	22.681	69.203	41.047	54.880	968.72	-0.26732	3.1226e-05	0.11590	supercritical
519.15	86.500	220.96	0.0045257	16.483	22.763	69.362	41.128	54.939	968.32	-0.26703	3.1202e-05	0.11603	supercritical
520.65	86.500	220.45	0.0045361	16.551	22.846	69.520	41.210	54.998	967.94	-0.26673	3.1178e-05	0.11616	supercritical
522.15	86.500	219.95	0.0045465	16.619	22.928	69.679	41.291	55.058	967.56	-0.26645	3.1155e-05	0.11630	supercritical
523.65	86.500	219.44	0.0045570	16.687	23.011	69.837	41.373	55.118	967.19	-0.26617	3.1132e-05	0.11643	supercritical
525.15	86.500	218.94	0.0045674	16.755	23.094	69.994	41.454	55.177	966.83	-0.26589	3.1110e-05	0.11657	supercritical
526.65	86.500	218.44	0.0045778	16.824	23.176	70.152	41.536	55.237	966.48	-0.26562	3.1088e-05	0.11670	supercritical
528.15	86.500	217.95	0.0045883	16.892	23.259	70.309	41.618	55.297	966.13	-0.26535	3.1066e-05	0.11684	supercritical
529.65	86.500	217.45	0.0045987	16.961	23.342	70.466	41.700	55.357	965.79	-0.26509	3.1045e-05	0.11698	supercritical
531.15	86.500	216.96	0.0046091	17.029	23.425	70.623	41.781	55.417	965.46	-0.26484	3.1024e-05	0.11713	supercritical
532.65	86.500	216.47	0.0046196	17.098	23.509	70.779	41.863	55.478	965.14	-0.26459	3.1004e-05	0.11727	supercritical
534.15	86.500	215.98	0.0046300	17.167	23.592	70.935	41.945	55.538	964.82	-0.26434	3.0983e-05	0.11741	supercritical
535.65	86.500	215.50	0.0046404	17.236	23.675	71.091	42.027	55.599	964.51	-0.26410	3.0964e-05	0.11756	supercritical
537.15	86.500	215.01	0.0046509	17.305	23.759	71.246	42.109	55.660	964.21	-0.26386	3.0944e-05	0.11771	supercritical
538.65	86.500	214.53	0.0046613	17.374	23.842	71.402	42.191	55.720	963.92	-0.26363	3.0926e-05	0.11786	supercritical
540.15	86.500	214.05	0.0046717	17.443	23.926	71.557	42.273	55.781	963.63	-0.26340	3.0907e-05	0.11801	supercritical
541.65	86.500	213.58	0.0046821	17.512	24.010	71.711	42.355	55.842	963.35	-0.26318	3.0889e-05	0.11816	supercritical
543.15	86.500	213.10	0.0046926	17.581	24.093	71.866	42.437	55.904	963.08	-0.26296	3.0871e-05	0.11831	supercritical
544.65	86.500	212.63	0.0047030	17.651	24.177	72.020	42.518	55.965	962.81	-0.26275	3.0853e-05	0.11847	supercritical
546.15	86.500	212.16	0.0047134	17.720	24.261	72.174	42.600	56.026	962.55	-0.26254	3.0836e-05	0.11863	supercritical
547.65	86.500	211.69	0.0047239	17.790	24.345	72.328	42.682	56.088	962.30	-0.26234	3.0820e-05	0.11878	supercritical
549.15	86.500	211.23	0.0047343	17.860	24.430	72.482	42.764	56.149	962.05	-0.26213	3.0803e-05	0.11894	supercritical
550.65	86.500	210.76	0.0047447	17.930	24.514	72.635	42.847	56.211	961.81	-0.26194	3.0787e-05	0.11910	supercritical
552.15	86.500	210.30	0.0047551	17.999	24.598	72.788	42.929	56.273	961.58	-0.26174	3.0771e-05	0.11926	supercritical
553.65	86.500	209.84	0.0047656	18.069	24.683	72.941	43.011	56.335	961.35	-0.26156	3.0756e-05	0.11943	supercritical
555.15	86.500	209.38	0.0047760	18.140	24.767	73.093	43.093	56.397	961.13	-0.26137	3.0741e-05	0.11959	supercritical
556.65	86.500	208.93	0.0047864	18.210	24.852	73.245	43.175	56.459	960.91	-0.26119	3.0726e-05	0.11976	supercritical
558.15	86.500	208.47	0.0047968	18.280	24.937	73.397	43.257	56.521	960.71	-0.26101	3.0712e-05	0.11993	supercritical
559.65	86.500	208.02	0.0048072	18.350	25.021	73.549	43.339	56.583	960.50	-0.26084	3.0698e-05	0.12009	supercritical
561.15	86.500	207.57	0.0048177	18.421	25.106	73.701	43.421	56.646	960.31	-0.26067	3.0684e-05	0.12026	supercritical
562.65	86.500	207.12	0.0048281	18.491	25.191	73.852	43.503	56.708	960.12	-0.26050	3.0670e-05	0.12043	supercritical
564.15	86.500	206.68	0.0048385	18.562	25.276	74.003	43.585	56.771	959.93	-0.26034	3.0657e-05	0.12061	supercritical
565.65	86.500	206.23	0.0048489	18.633	25.362	74.154	43.667	56.834	959.75	-0.26018	3.0644e-05	0.12078	supercritical
567.15	86.500	205.79	0.0048593	18.704	25.447	74.304	43.749	56.896	959.58	-0.26003	3.0632e-05	0.12095	supercritical
568.65	86.500	205.35	0.0048697	18.775	25.532	74.455	43.831	56.959	959.41	-0.25987	3.0619e-05	0.12113	supercritical
570.15	86.500	204.91	0.0048801	18.846	25.618	74.605	43.913	57.022	959.25	-0.25973	3.0607e-05	0.12131	supercritical
571.65	86.500	204.48	0.0048906	18.917	25.703	74.755	43.995	57.085	959.10	-0.25958	3.0596e-05	0.12148	supercritical
573.15	86.500	204.04	0.0049010	18.988	25.789	74.904	44.077	57.148	958.95	-0.25944	3.0584e-05	0.12166	supercritical
574.65	86.500	203.61	0.0049114	19.059	25.875	75.054	44.159	57.211	958.80	-0.25930	3.0573e-05	0.12184	supercritical
576.15	86.500	203.18	0.0049218	19.131	25.961	75.203	44.241	57.275	958.66	-0.25916	3.0563e-05	0.12202	supercritical
577.65	86.500	202.75	0.0049322	19.202	26.047	75.352	44.323	57.338	958.53	-0.25903	3.0552e-05	0.12221	supercritical
579.15	86.500	202.32	0.0049426	19.274	26.133	75.501	44.405	57.401	958.40	-0.25890	3.0542e-05	0.12239	supercritical
580.65	86.500	201.90	0.0049530	19.346	26.219	75.649	44.487	57.465	958.27	-0.25878	3.0532e-05	0.12258	supercritical
582.15	86.500	201.48	0.0049634	19.417	26.305	75.798	44.569	57.528	958.16	-0.25865	3.0522e-05	0.12276	supercritical
583.65	86.500	201.05	0.0049738	19.489	26.391	75.946	44.651	57.592	958.04	-0.25853	3.0513e-05	0.12295	supercritical
585.15	86.500	200.63	0.0049842	19.561	26.478	76.094	44.733	57.656	957.93	-0.25841	3.0504e-05	0.12314	supercritical
586.65	86.500	200.22	0.0049946	19.633	26.564	76.242	44.815	57.719	957.83	-0.25830	3.0495e-05	0.12333	supercritical
588.15	86.500	199.80	0.0050050	19.706	26.651	76.389	44.896	57.783	957.73	-0.25819	3.0486e-05	0.12352	supercritical
589.65	86.500	199.39	0.0050154	19.778	26.738	76.536	44.978	57.847	957.64	-0.25808	3.0478e-05	0.12371	supercritical
591.15	86.500	198.98	0.0050257	19.850	26.825	76.683	45.060	57.911	957.55	-0.25797	3.0469e-05	0.12390	supercritical
592.65	86.500	198.56	0.0050361	19.923	26.911	76.830	45.142	57.975	957.47	-0.25787	3.0462e-05	0.12409	supercritical
594.15	86.500	198.16	0.0050465	19.995	26.998	76.977	45.224	58.039	957.39	-0.25777	3.0454e-05	0.12429	supercritical
595.65	86.500	197.75	0.0050569	20.068	27.086	77.123	45.305	58.103	957.31	-0.25767	3.0447e-05	0.12448	supercritical
597.15	86.500	197.34	0.0050673	20.141	27.173	77.269	45.387	58.168	957.24	-0.25757	3.0439e-05	0.12468	supercritical
598.65	86.500	196.94	0.0050777	20.214	27.260	77.415	45.469	58.232	957.18	-0.25748	3.0433e-05	0.12488	supercritical
600.15	86.500	196.54	0.0050881	20.287	27.347	77.561	45.550	58.296	957.12	-0.25739	3.0426e-05	0.12507	supercritical
465.15	95.000	252.38	0.0039622	13.950	19.988	62.547	38.387	52.827	1035.9	-0.32154	3.3794e-05	0.11686	supercritical
466.65	95.000	251.79	0.0039716	14.015	20.068	62.717	38.465	52.883	1035.0	-0.32093	3.3746e-05	0.11690	supercritical
468.15	95.000	251.20	0.0039810	14.080	20.147	62.887	38.544	52.939	1034.2	-0.32034	3.3699e-05	0.11695	supercritical
469.65	95.000	250.61	0.0039903	14.145	20.226	63.056	38.622	52.995	1033.3	-0.31975	3.3653e-05	0.11701	supercritical
471.15	95.000	250.02	0.0039997	14.210	20.306	63.225	38.701	53.051	1032.5	-0.31917	3.3607e-05	0.11706	supercritical
472.65	95.000	249.43	0.0040091	14.275	20.386	63.394	38.779	53.107	1031.7	-0.31859	3.3563e-05	0.11712	supercritical
474.15	95.000	248.85	0.0040185	14.341	20.465	63.563	38.858	53.163	1030.9	-0.31802	3.3518e-05	0.11718	supercritical
475.65	95.000	248.27	0.0040278	14.406	20.545	63.731	38.937	53.220	1030.2	-0.31746	3.3475e-05	0.11724	supercritical
477.15	95.000	247.70	0.0040372	14.472	20.625	63.898	39.016	53.277	1029.4	-0.31690	3.3432e-05	0.11730	supercritical
478.65	95.000	247.12	0.0040466	14.538	20.705	64.066	39.095	53.334	1028.6	-0.31636	3.3389e-05	0.11737	supercritical
480.15	95.000	246.55	0.0040560	14.603	20.785	64.233	39.174	53.391	1027.9	-0.31581	3.3348e-05	0.11744	supercritical
481.65	95.000	245.98	0.0040654	14.669	20.865	64.399	39.254	53.448	1027.1	-0.31528	3.3307e-05	0.11751	supercritical
483.15	95.000	245.41	0.0040748	14.735	20.945	64.565	39.333	53.506	1026.4	-0.31475	3.3266e-05	0.11758	supercritical
484.65	95.000	244.85	0.0040842	14.801	21.026	64.731	39.412	53.563	1025.7	-0.31422	3.3226e-05	0.11765	supercritical
486.15	95.000	244.29	0.0040936	14.867	21.106	64.897	39.492	53.621	1025.0	-0.31371	3.3187e-05	0.11773	supercritical
487.65	95.000	243.73	0.0041029	14.933	21.186	65.062	39.572	53.679	1024.3	-0.31319	3.3148e-05	0.11781	supercritical
489.15	95.000	243.17	0.0041123	15.000	21.267	65.227	39.652	53.737	1023.6	-0.31269	3.3110e-05	0.11789	supercritical
490.65	95.000	242.62	0.0041217	15.066	21.348	65.392	39.731	53.795	1023.0	-0.31219	3.3072e-05	0.11797	supercritical
492.15	95.000	242.06	0.0041311	15.132	21.428	65.556	39.811	53.854	1022.3	-0.31170	3.3035e-05	0.11806	supercritical
493.65	95.000	241.51	0.0041406	15.199	21.509	65.720	39.892	53.912	1021.6	-0.31121	3.2999e-05	0.11815	supercritical
495.15	95.000	240.97	0.0041500	15.265	21.590	65.884	39.972	53.971	1021.0	-0.31073	3.2963e-05	0.11824	supercritical
496.65	95.000	240.42	0.0041594	15.332	21.671	66.047	40.052	54.030	1020.4	-0.31025	3.2927e-05	0.11833	supercritical
498.15	95.000	239.88	0.0041688	15.399	21.752	66.210	40.132	54.089	1019.7	-0.30978	3.2893e-05	0.11842	supercritical
499.65	95.000	239.34	0.0041782	15.466	21.833	66.373	40.213	54.148	1019.1	-0.30932	3.2858e-05	0.11852	supercritical
501.15	95.000	238.80	0.0041876	15.533	21.915	66.535	40.293	54.207	1018.5	-0.30886	3.2824e-05	0.11861	supercritical
502.65	95.000	238.27	0.0041970	15.600	21.996	66.697	40.373	54.267	1017.9	-0.30841	3.2791e-05	0.11871	supercritical
504.15	95.000	237.73	0.0042064	15.667	22.077	66.859	40.454	54.326	1017.4	-0.30796	3.2758e-05	0.11881	supercritical
505.65	95.000	237.20	0.0042158	15.734	22.159	67.021	40.535	54.386	1016.8	-0.30752	3.2726e-05	0.11891	supercritical
507.15	95.000	236.67	0.0042252	15.801	22.241	67.182	40.615	54.446	1016.2	-0.30709	3.2694e-05	0.11902	supercritical
508.65	95.000	236.15	0.0042347	15.868	22.322	67.343	40.696	54.506	1015.7	-0.30666	3.2663e-05	0.11912	supercritical
510.15	95.000	235.62	0.0042441	15.936	22.404	67.503	40.777	54.566	1015.1	-0.30623	3.2632e-05	0.11923	supercritical
511.65	95.000	235.10	0.0042535	16.003	22.486	67.664	40.858	54.626	1014.6	-0.30581	3.2602e-05	0.11934	supercritical
513.15	95.000	234.58	0.0042629	16.071	22.568	67.824	40.939	54.686	1014.1	-0.30540	3.2572e-05	0.11945	supercritical
514.65	95.000	234.06	0.0042723	16.139	22.650	67.983	41.020	54.747	1013.5	-0.30499	3.2543e-05	0.11957	supercritical
516.15	95.000	233.55	0.0042817	16.207	22.732	68.143	41.101	54.807	1013.0	-0.30458	3.2514e-05	0.11968	supercritical
517.65	95.000	233.04	0.0042912	16.275	22.815	68.302	41.182	54.868	1012.5	-0.30418	3.2485e-05	0.11980	supercritical
519.15	95.000	232.53	0.0043006	16.343	22.897	68.461	41.263	54.929	1012.0	-0.30379	3.2457e-05	0.11992	supercritical
520.65	95.000	232.02	0.0043100	16.411	22.979	68.619	41.344	54.990	1011.5	-0.30340	3.2430e-05	0.12004	supercritical
522.15	95.000	231.51	0.0043194	16.479	23.062	68.778	41.425	55.051	1011.1	-0.30301	3.2403e-05	0.12016	supercritical
523.65	95.000	231.01	0.0043288	16.547	23.144	68.936	41.506	55.112	1010.6	-0.30263	3.2376e-05	0.12028	supercritical
525.15	95.000	230.51	0.0043383	16.615	23.227	69.093	41.588	55.173	1010.1	-0.30226	3.2350e-05	0.12041	supercritical
526.65	95.000	230.01	0.0043477	16.684	23.310	69.251	41.669	55.234	1009.7	-0.30189	3.2324e-05	0.12053	supercritical
528.15	95.000	229.51	0.0043571	16.752	23.393	69.408	41.750	55.296	1009.2	-0.30152	3.2298e-05	0.12066	supercritical
529.65	95.000	229.01	0.0043665	16.821	23.476	69.565	41.832	55.358	1008.8	-0.30116	3.2274e-05	0.12079	supercritical
531.15	95.000	228.52	0.0043760	16.890	23.559	69.721	41.913	55.419	1008.4	-0.30081	3.2249e-05	0.12092	supercritical
532.65	95.000	228.03	0.0043854	16.959	23.642	69.878	41.995	55.481	1008.0	-0.30045	3.2225e-05	0.12105	supercritical
534.15	95.000	227.54	0.0043948	17.027	23.725	70.034	42.076	55.543	1007.5	-0.30011	3.2201e-05	0.12119	supercritical
535.65	95.000	227.05	0.0044042	17.096	23.809	70.190	42.158	55.605	1007.1	-0.29976	3.2178e-05	0.12133	supercritical
537.15	95.000	226.57	0.0044137	17.166	23.892	70.345	42.239	55.667	1006.7	-0.29942	3.2155e-05	0.12146	supercritical
538.65	95.000	226.09	0.0044231	17.235	23.976	70.501	42.321	55.729	1006.4	-0.29909	3.2132e-05	0.12160	supercritical
540.15	95.000	225.61	0.0044325	17.304	24.059	70.656	42.402	55.792	1006.0	-0.29876	3.2110e-05	0.12174	supercritical
541.65	95.000	225.13	0.0044419	17.373	24.143	70.811	42.484	55.854	1005.6	-0.29843	3.2088e-05	0.12188	supercritical
543.15	95.000	224.65	0.0044513	17.443	24.227	70.965	42.565	55.916	1005.2	-0.29811	3.2067e-05	0.12203	supercritical
544.65	95.000	224.18	0.0044608	17.512	24.311	71.119	42.647	55.979	1004.9	-0.29779	3.2046e-05	0.12217	supercritical
546.15	95.000	223.70	0.0044702	17.582	24.395	71.273	42.729	56.042	1004.5	-0.29748	3.2025e-05	0.12232	supercritical
547.65	95.000	223.23	0.0044796	17.652	24.479	71.427	42.810	56.105	1004.2	-0.29717	3.2005e-05	0.12247	supercritical
549.15	95.000	222.76	0.0044890	17.722	24.563	71.581	42.892	56.167	1003.8	-0.29687	3.1985e-05	0.12261	supercritical
550.65	95.000	222.30	0.0044985	17.792	24.648	71.734	42.974	56.230	1003.5	-0.29656	3.1965e-05	0.12277	supercritical
552.15	95.000	221.83	0.0045079	17.862	24.732	71.887	43.055	56.293	1003.2	-0.29627	3.1946e-05	0.12292	supercritical
553.65	95.000	221.37	0.0045173	17.932	24.816	72.040	43.137	56.357	1002.9	-0.29597	3.1927e-05	0.12307	supercritical
555.15	95.000	220.91	0.0045267	18.002	24.901	72.193	43.219	56.420	1002.5	-0.29568	3.1909e-05	0.12322	supercritical
556.65	95.000	220.45	0.0045361	18.072	24.986	72.345	43.300	56.483	1002.2	-0.29540	3.1891e-05	0.12338	supercritical
558.15	95.000	219.99	0.0045456	18.143	25.070	72.497	43.382	56.546	1001.9	-0.29511	3.1873e-05	0.12354	supercritical
559.65	95.000	219.54	0.0045550	18.213	25.155	72.649	43.464	56.610	1001.6	-0.29483	3.1855e-05	0.12370	supercritical
561.15	95.000	219.09	0.0045644	18.284	25.240	72.800	43.545	56.673	1001.4	-0.29456	3.1838e-05	0.12386	supercritical
562.65	95.000	218.64	0.0045738	18.354	25.325	72.952	43.627	56.737	1001.1	-0.29429	3.1821e-05	0.12402	supercritical
564.15	95.000	218.19	0.0045832	18.425	25.410	73.103	43.709	56.801	1000.8	-0.29402	3.1805e-05	0.12418	supercritical
565.65	95.000	217.74	0.0045927	18.496	25.496	73.254	43.790	56.864	1000.5	-0.29375	3.1788e-05	0.12434	supercritical
567.15	95.000	217.29	0.0046021	18.567	25.581	73.404	43.872	56.928	1000.3	-0.29349	3.1773e-05	0.12451	supercritical
568.65	95.000	216.85	0.0046115	18.638	25.666	73.555	43.954	56.992	1000.0	-0.29323	3.1757e-05	0.12467	supercritical
570.15	95.000	216.41	0.0046209	18.709	25.752	73.705	44.035	57.056	999.76	-0.29298	3.1742e-05	0.12484	supercritical
571.65	95.000	215.97	0.0046303	18.781	25.838	73.855	44.117	57.120	999.52	-0.29273	3.1727e-05	0.12501	supercritical
573.15	95.000	215.53	0.0046397	18.852	25.923	74.005	44.199	57.184	999.28	-0.29248	3.1712e-05	0.12518	supercritical
574.65	95.000	215.09	0.0046492	18.924	26.009	74.154	44.280	57.248	999.05	-0.29223	3.1698e-05	0.12535	supercritical
576.15	95.000	214.66	0.0046586	18.995	26.095	74.304	44.362	57.313	998.82	-0.29199	3.1684e-05	0.12552	supercritical
577.65	95.000	214.23	0.0046680	19.067	26.181	74.453	44.444	57.377	998.60	-0.29175	3.1670e-05	0.12570	supercritical
579.15	95.000	213.79	0.0046774	19.139	26.267	74.602	44.525	57.441	998.38	-0.29152	3.1657e-05	0.12587	supercritical
580.65	95.000	213.36	0.0046868	19.210	26.353	74.750	44.607	57.506	998.17	-0.29128	3.1643e-05	0.12605	supercritical
582.15	95.000	212.94	0.0046962	19.282	26.440	74.899	44.688	57.570	997.97	-0.29105	3.1631e-05	0.12622	supercritical
583.65	95.000	212.51	0.0047056	19.355	26.526	75.047	44.770	57.635	997.77	-0.29083	3.1618e-05	0.12640	supercritical
585.15	95.000	212.09	0.0047150	19.427	26.613	75.195	44.851	57.699	997.58	-0.29060	3.1606e-05	0.12658	supercritical
586.65	95.000	211.67	0.0047244	19.499	26.699	75.343	44.933	57.764	997.39	-0.29038	3.1594e-05	0.12676	supercritical
588.15	95.000	211.24	0.0047338	19.571	26.786	75.491	45.014	57.829	997.21	-0.29016	3.1582e-05	0.12694	supercritical
589.65	95.000	210.83	0.0047433	19.644	26.873	75.638	45.096	57.894	997.03	-0.28995	3.1570e-05	0.12713	supercritical
591.15	95.000	210.41	0.0047527	19.716	26.960	75.785	45.177	57.958	996.86	-0.28974	3.1559e-05	0.12731	supercritical
592.65	95.000	209.99	0.0047621	19.789	27.047	75.932	45.259	58.023	996.69	-0.28953	3.1548e-05	0.12749	supercritical
594.15	95.000	209.58	0.0047715	19.862	27.134	76.079	45.340	58.088	996.53	-0.28932	3.1537e-05	0.12768	supercritical
595.65	95.000	209.17	0.0047809	19.935	27.221	76.225	45.422	58.153	996.37	-0.28911	3.1527e-05	0.12787	supercritical
597.15	95.000	208.76	0.0047903	20.008	27.308	76.372	45.503	58.218	996.22	-0.28891	3.1517e-05	0.12805	supercritical
598.65	95.000	208.35	0.0047997	20.081	27.396	76.518	45.584	58.283	996.07	-0.28871	3.1507e-05	0.12824	supercritical
600.15	95.000	207.94	0.0048091	20.154	27.483	76.664	45.666	58.349	995.93	-0.28852	3.1497e-05	0.12843	supercritical
465.15	100.00	258.62	0.0038666	13.873	20.076	62.060	38.473	52.780	1063.0	-0.34116	3.4587e-05	0.11936	supercritical
466.65	100.00	258.03	0.0038755	13.938	20.155	62.230	38.551	52.837	1062.0	-0.34054	3.4537e-05	0.11940	supercritical
468.15	100.00	257.44	0.0038843	14.003	20.234	62.400	38.629	52.894	1061.2	-0.33992	3.4488e-05	0.11944	supercritical
469.65	100.00	256.86	0.0038932	14.068	20.314	62.569	38.707	52.951	1060.3	-0.33930	3.4439e-05	0.11948	supercritical
471.15	100.00	256.27	0.0039021	14.133	20.393	62.738	38.785	53.008	1059.4	-0.33869	3.4391e-05	0.11953	supercritical
472.65	100.00	255.69	0.0039109	14.199	20.473	62.907	38.864	53.065	1058.5	-0.33809	3.4344e-05	0.11958	supercritical
474.15	100.00	255.12	0.0039198	14.264	20.552	63.075	38.942	53.123	1057.7	-0.33749	3.4298e-05	0.11963	supercritical
475.65	100.00	254.54	0.0039287	14.329	20.632	63.243	39.021	53.181	1056.9	-0.33690	3.4252e-05	0.11969	supercritical
477.15	100.00	253.97	0.0039375	14.395	20.712	63.410	39.100	53.239	1056.0	-0.33632	3.4206e-05	0.11974	supercritical
478.65	100.00	253.40	0.0039464	14.461	20.792	63.578	39.178	53.297	1055.2	-0.33574	3.4162e-05	0.11980	supercritical
480.15	100.00	252.83	0.0039553	14.527	20.872	63.744	39.257	53.355	1054.4	-0.33517	3.4118e-05	0.11986	supercritical
481.65	100.00	252.26	0.0039641	14.592	20.952	63.911	39.337	53.413	1053.6	-0.33460	3.4074e-05	0.11993	supercritical
483.15	100.00	251.70	0.0039730	14.658	21.032	64.077	39.416	53.472	1052.8	-0.33404	3.4031e-05	0.11999	supercritical
484.65	100.00	251.14	0.0039819	14.724	21.112	64.243	39.495	53.530	1052.1	-0.33348	3.3989e-05	0.12006	supercritical
486.15	100.00	250.58	0.0039908	14.790	21.193	64.409	39.574	53.589	1051.3	-0.33293	3.3947e-05	0.12013	supercritical
487.65	100.00	250.02	0.0039997	14.857	21.273	64.574	39.654	53.648	1050.6	-0.33239	3.3906e-05	0.12020	supercritical
489.15	100.00	249.47	0.0040085	14.923	21.354	64.739	39.734	53.707	1049.8	-0.33185	3.3866e-05	0.12027	supercritical
490.65	100.00	248.92	0.0040174	14.989	21.434	64.903	39.813	53.766	1049.1	-0.33132	3.3826e-05	0.12035	supercritical
492.15	100.00	248.37	0.0040263	15.056	21.515	65.067	39.893	53.826	1048.4	-0.33079	3.3787e-05	0.12043	supercritical
493.65	100.00	247.82	0.0040352	15.122	21.596	65.231	39.973	53.885	1047.7	-0.33027	3.3748e-05	0.12051	supercritical
495.15	100.00	247.27	0.0040441	15.189	21.677	65.395	40.053	53.945	1047.0	-0.32975	3.3710e-05	0.12059	supercritical
496.65	100.00	246.73	0.0040530	15.255	21.758	65.558	40.133	54.005	1046.3	-0.32924	3.3672e-05	0.12067	supercritical
498.15	100.00	246.19	0.0040619	15.322	21.839	65.721	40.213	54.065	1045.6	-0.32873	3.3635e-05	0.12076	supercritical
499.65	100.00	245.65	0.0040708	15.389	21.920	65.884	40.293	54.125	1045.0	-0.32823	3.3599e-05	0.12085	supercritical
501.15	100.00	245.12	0.0040797	15.456	22.001	66.046	40.373	54.185	1044.3	-0.32773	3.3563e-05	0.12094	supercritical
502.65	100.00	244.58	0.0040886	15.523	22.082	66.208	40.453	54.245	1043.7	-0.32724	3.3527e-05	0.12103	supercritical
504.15	100.00	244.05	0.0040975	15.590	22.164	66.370	40.534	54.306	1043.0	-0.32676	3.3492e-05	0.12112	supercritical
505.65	100.00	243.52	0.0041064	15.657	22.245	66.531	40.614	54.366	1042.4	-0.32628	3.3458e-05	0.12122	supercritical
507.15	100.00	243.00	0.0041153	15.725	22.327	66.692	40.695	54.427	1041.8	-0.32580	3.3424e-05	0.12132	supercritical
508.65	100.00	242.47	0.0041242	15.792	22.408	66.853	40.775	54.488	1041.2	-0.32533	3.3390e-05	0.12142	supercritical
510.15	100.00	241.95	0.0041331	15.860	22.490	67.014	40.856	54.549	1040.6	-0.32487	3.3357e-05	0.12152	supercritical
511.65	100.00	241.43	0.0041420	15.927	22.572	67.174	40.936	54.610	1040.0	-0.32441	3.3325e-05	0.12162	supercritical
513.15	100.00	240.91	0.0041509	15.995	22.654	67.334	41.017	54.671	1039.4	-0.32395	3.3293e-05	0.12172	supercritical
514.65	100.00	240.40	0.0041598	16.063	22.736	67.494	41.098	54.732	1038.8	-0.32350	3.3261e-05	0.12183	supercritical
516.15	100.00	239.88	0.0041687	16.131	22.818	67.653	41.179	54.794	1038.3	-0.32306	3.3230e-05	0.12194	supercritical
517.65	100.00	239.37	0.0041776	16.198	22.901	67.812	41.260	54.855	1037.7	-0.32261	3.3200e-05	0.12205	supercritical
519.15	100.00	238.86	0.0041865	16.266	22.983	67.971	41.341	54.917	1037.2	-0.32218	3.3170e-05	0.12216	supercritical
520.65	100.00	238.35	0.0041954	16.335	23.065	68.129	41.421	54.979	1036.6	-0.32175	3.3140e-05	0.12228	supercritical
522.15	100.00	237.85	0.0042044	16.403	23.148	68.288	41.502	55.040	1036.1	-0.32132	3.3111e-05	0.12239	supercritical
523.65	100.00	237.35	0.0042133	16.471	23.230	68.446	41.583	55.102	1035.6	-0.32090	3.3082e-05	0.12251	supercritical
525.15	100.00	236.84	0.0042222	16.540	23.313	68.603	41.665	55.165	1035.1	-0.32048	3.3054e-05	0.12263	supercritical
526.65	100.00	236.35	0.0042311	16.608	23.396	68.761	41.746	55.227	1034.6	-0.32006	3.3026e-05	0.12275	supercritical
528.15	100.00	235.85	0.0042400	16.677	23.479	68.918	41.827	55.289	1034.1	-0.31965	3.2999e-05	0.12287	supercritical
529.65	100.00	235.35	0.0042489	16.745	23.562	69.075	41.908	55.351	1033.6	-0.31925	3.2972e-05	0.12299	supercritical
531.15	100.00	234.86	0.0042578	16.814	23.645	69.231	41.989	55.414	1033.1	-0.31885	3.2945e-05	0.12312	supercritical
532.65	100.00	234.37	0.0042667	16.883	23.728	69.388	42.070	55.476	1032.6	-0.31845	3.2919e-05	0.12324	supercritical
534.15	100.00	233.88	0.0042757	16.952	23.811	69.544	42.152	55.539	1032.2	-0.31806	3.2893e-05	0.12337	supercritical
535.65	100.00	233.40	0.0042846	17.021	23.895	69.700	42.233	55.602	1031.7	-0.31767	3.2868e-05	0.12350	supercritical
537.15	100.00	232.91	0.0042935	17.090	23.978	69.855	42.314	55.665	1031.3	-0.31729	3.2843e-05	0.12363	supercritical
538.65	100.00	232.43	0.0043024	17.159	24.062	70.011	42.396	55.728	1030.8	-0.31691	3.2819e-05	0.12377	supercritical
540.15	100.00	231.95	0.0043113	17.229	24.145	70.166	42.477	55.791	1030.4	-0.31653	3.2794e-05	0.12390	supercritical
541.65	100.00	231.47	0.0043202	17.298	24.229	70.320	42.558	55.854	1030.0	-0.31616	3.2771e-05	0.12404	supercritical
543.15	100.00	230.99	0.0043292	17.368	24.313	70.475	42.640	55.917	1029.5	-0.31579	3.2747e-05	0.12417	supercritical
544.65	100.00	230.52	0.0043381	17.437	24.397	70.629	42.721	55.980	1029.1	-0.31543	3.2724e-05	0.12431	supercritical
546.15	100.00	230.04	0.0043470	17.507	24.481	70.783	42.802	56.044	1028.7	-0.31507	3.2702e-05	0.12445	supercritical
547.65	100.00	229.57	0.0043559	17.577	24.565	70.937	42.884	56.107	1028.3	-0.31471	3.2680e-05	0.12460	supercritical
549.15	100.00	229.10	0.0043648	17.647	24.649	71.091	42.965	56.171	1027.9	-0.31436	3.2658e-05	0.12474	supercritical
550.65	100.00	228.64	0.0043737	17.717	24.733	71.244	43.047	56.234	1027.6	-0.31401	3.2636e-05	0.12488	supercritical
552.15	100.00	228.17	0.0043827	17.787	24.818	71.397	43.128	56.298	1027.2	-0.31367	3.2615e-05	0.12503	supercritical
553.65	100.00	227.71	0.0043916	17.857	24.902	71.550	43.210	56.362	1026.8	-0.31333	3.2594e-05	0.12518	supercritical
555.15	100.00	227.25	0.0044005	17.927	24.987	71.702	43.291	56.425	1026.4	-0.31299	3.2574e-05	0.12533	supercritical
556.65	100.00	226.79	0.0044094	17.998	25.072	71.855	43.373	56.489	1026.1	-0.31265	3.2554e-05	0.12548	supercritical
558.15	100.00	226.33	0.0044183	18.068	25.156	72.007	43.454	56.553	1025.7	-0.31232	3.2534e-05	0.12563	supercritical
559.65	100.00	225.87	0.0044272	18.139	25.241	72.159	43.536	56.617	1025.4	-0.31200	3.2515e-05	0.12578	supercritical
561.15	100.00	225.42	0.0044361	18.209	25.326	72.310	43.617	56.682	1025.1	-0.31167	3.2496e-05	0.12593	supercritical
562.65	100.00	224.97	0.0044451	18.280	25.411	72.462	43.699	56.746	1024.7	-0.31135	3.2477e-05	0.12609	supercritical
564.15	100.00	224.52	0.0044540	18.351	25.496	72.613	43.780	56.810	1024.4	-0.31104	3.2459e-05	0.12625	supercritical
565.65	100.00	224.07	0.0044629	18.422	25.582	72.764	43.862	56.874	1024.1	-0.31072	3.2441e-05	0.12641	supercritical
567.15	100.00	223.62	0.0044718	18.493	25.667	72.915	43.943	56.939	1023.8	-0.31041	3.2423e-05	0.12656	supercritical
568.65	100.00	223.18	0.0044807	18.564	25.753	73.065	44.025	57.003	1023.5	-0.31011	3.2406e-05	0.12673	supercritical
570.15	100.00	222.74	0.0044896	18.635	25.838	73.215	44.106	57.068	1023.2	-0.30980	3.2389e-05	0.12689	supercritical
571.65	100.00	222.29	0.0044985	18.707	25.924	73.365	44.187	57.132	1022.9	-0.30950	3.2372e-05	0.12705	supercritical
573.15	100.00	221.86	0.0045074	18.778	26.009	73.515	44.269	57.197	1022.6	-0.30921	3.2356e-05	0.12722	supercritical
574.65	100.00	221.42	0.0045164	18.850	26.095	73.665	44.350	57.262	1022.3	-0.30891	3.2339e-05	0.12738	supercritical
576.15	100.00	220.98	0.0045253	18.921	26.181	73.814	44.432	57.327	1022.1	-0.30862	3.2324e-05	0.12755	supercritical
577.65	100.00	220.55	0.0045342	18.993	26.267	73.963	44.513	57.391	1021.8	-0.30834	3.2308e-05	0.12772	supercritical
579.15	100.00	220.11	0.0045431	19.065	26.353	74.112	44.595	57.456	1021.5	-0.30805	3.2293e-05	0.12789	supercritical
580.65	100.00	219.68	0.0045520	19.137	26.440	74.261	44.676	57.521	1021.3	-0.30777	3.2278e-05	0.12806	supercritical
582.15	100.00	219.25	0.0045609	19.209	26.526	74.409	44.757	57.586	1021.0	-0.30749	3.2263e-05	0.12823	supercritical
583.65	100.00	218.83	0.0045698	19.281	26.612	74.558	44.839	57.651	1020.8	-0.30722	3.2249e-05	0.12840	supercritical
585.15	100.00	218.40	0.0045787	19.353	26.699	74.706	44.920	57.716	1020.5	-0.30694	3.2235e-05	0.12857	supercritical
586.65	100.00	217.98	0.0045876	19.426	26.786	74.854	45.001	57.782	1020.3	-0.30667	3.2221e-05	0.12875	supercritical
588.15	100.00	217.56	0.0045965	19.498	26.872	75.001	45.083	57.847	1020.1	-0.30641	3.2208e-05	0.12893	supercritical
589.65	100.00	217.13	0.0046054	19.571	26.959	75.149	45.164	57.912	1019.8	-0.30614	3.2195e-05	0.12910	supercritical
591.15	100.00	216.72	0.0046143	19.643	27.046	75.296	45.245	57.977	1019.6	-0.30588	3.2182e-05	0.12928	supercritical
592.65	100.00	216.30	0.0046232	19.716	27.133	75.443	45.326	58.043	1019.4	-0.30562	3.2169e-05	0.12946	supercritical
594.15	100.00	215.88	0.0046321	19.789	27.220	75.590	45.408	58.108	1019.2	-0.30536	3.2157e-05	0.12964	supercritical
595.65	100.00	215.47	0.0046410	19.862	27.307	75.736	45.489	58.174	1019.0	-0.30511	3.2145e-05	0.12983	supercritical
597.15	100.00	215.06	0.0046499	19.935	27.395	75.883	45.570	58.239	1018.8	-0.30486	3.2133e-05	0.13001	supercritical
598.65	100.00	214.65	0.0046588	20.008	27.482	76.029	45.651	58.305	1018.6	-0.30461	3.2121e-05	0.13019	supercritical
600.15	100.00	214.24	0.0046677	20.081	27.570	76.175	45.732	58.370	1018.4	-0.30437	3.2110e-05	0.13038	supercritical
